idx	label	predict	radius	correct	time
0	0	394	0.465	0	0:00:25.025400
500	10	10	0.64	1	0:00:19.906388
1000	20	20	0.64	1	0:00:19.878426
1500	30	30	0.64	1	0:00:19.613272
2000	40	40	0.289	1	0:00:20.050813
2500	50	50	0.64	1	0:00:20.338774
3000	60	61	0.64	0	0:00:20.144964
3500	70	70	0.64	1	0:00:20.293275
4000	80	80	0.64	1	0:00:20.951637
4500	90	90	0.64	1	0:00:20.507024
5000	100	100	0.64	1	0:00:20.197065
5500	110	110	0.64	1	0:00:20.262121
6000	120	316	0.225	0	0:00:20.647906
6500	130	130	0.64	1	0:00:20.544004
7000	140	140	0.64	1	0:00:20.587098
7500	150	289	0.00451	0	0:00:21.031291
8000	160	160	0.64	1	0:00:20.762018
8500	170	176	0.294	0	0:00:20.629817
9000	180	243	0.64	0	0:00:21.552222
9500	190	190	0.64	1	0:00:23.360472
10000	200	200	0.64	1	0:00:20.776560
10500	210	210	0.64	1	0:00:21.328507
11000	220	220	0.64	1	0:00:21.394723
11500	230	230	0.64	1	0:00:22.659040
12000	240	238	0.64	0	0:00:22.268283
12500	250	257	0.201	0	0:00:22.563104
13000	260	260	0.64	1	0:00:21.882513
13500	270	270	0.64	1	0:00:21.963749
14000	280	280	0.64	1	0:00:21.616446
14500	290	290	0.64	1	0:00:20.707181
15000	300	300	0.64	1	0:00:21.523265
15500	310	310	0.64	1	0:00:22.479011
16000	320	320	0.64	1	0:00:20.533821
16500	330	330	0.0554	1	0:00:20.812057
17000	340	340	0.64	1	0:00:20.879799
17500	350	350	0.64	1	0:00:21.438504
18000	360	360	0.64	1	0:00:22.655265
18500	370	370	0.64	1	0:00:22.067639
19000	380	380	0.64	1	0:00:22.674625
19500	390	390	0.64	1	0:00:22.247339
20000	400	400	0.582	1	0:00:23.094264
20500	410	410	0.602	1	0:00:22.245017
21000	420	420	0.0337	1	0:00:22.180459
21500	430	430	0.64	1	0:00:21.726582
22000	440	737	0.64	0	0:00:22.447754
22500	450	450	0.64	1	0:00:22.179055
23000	460	460	0.154	1	0:00:22.326681
23500	470	454	0.64	0	0:00:21.087137
24000	480	790	0.0527	0	0:00:21.131220
24500	490	490	0.64	1	0:00:21.160614
25000	500	500	0.64	1	0:00:22.820417
25500	510	510	0.64	1	0:00:22.588171
26000	520	520	0.64	1	0:00:22.703929
26500	530	531	0.541	0	0:00:22.073036
27000	540	540	0.64	1	0:00:22.736540
27500	550	505	0.64	0	0:00:21.072627
28000	560	560	0.64	1	0:00:22.242025
28500	570	613	0.139	0	0:00:21.716487
29000	580	738	0.64	0	0:00:20.852129
29500	590	590	0.64	1	0:00:20.469122
30000	600	517	0.000652	0	0:00:22.498101
30500	610	841	0.0553	0	0:00:20.892040
31000	620	681	0.568	0	0:00:22.066231
31500	630	703	0.64	0	0:00:21.348972
32000	640	640	0.64	1	0:00:21.026665
32500	650	546	0.252	0	0:00:22.031573
33000	660	660	0.64	1	0:00:20.949883
33500	670	670	0.64	1	0:00:20.547776
34000	680	680	0.00316	1	0:00:20.335232
34500	690	690	0.64	1	0:00:20.509989
35000	700	700	0.623	1	0:00:20.283068
35500	710	804	0.459	0	0:00:20.273336
36000	720	-1	0.0	0	0:00:20.244877
36500	730	730	0.64	1	0:00:20.366431
37000	740	795	0.0455	0	0:00:20.561876
37500	750	208	0.64	0	0:00:20.209983
38000	760	799	0.64	0	0:00:20.206030
38500	770	560	0.64	0	0:00:20.268034
39000	780	484	0.0865	0	0:00:20.243455
39500	790	791	0.64	0	0:00:20.251459
40000	800	800	0.64	1	0:00:20.345927
40500	810	810	0.229	1	0:00:20.908770
41000	820	820	0.64	1	0:00:20.819887
41500	830	830	0.64	1	0:00:20.613902
42000	840	840	0.594	1	0:00:22.703074
42500	850	850	0.64	1	0:00:21.251417
43000	860	409	0.0942	0	0:00:21.497876
43500	870	870	0.506	1	0:00:20.995920
44000	880	880	0.64	1	0:00:20.714631
44500	890	890	0.64	1	0:00:20.806562
45000	900	900	0.64	1	0:00:20.839990
45500	910	641	0.64	0	0:00:20.553646
46000	920	94	0.0908	0	0:00:20.877745
46500	930	930	0.377	1	0:00:20.666445
47000	940	-1	0.0	0	0:00:20.763759
47500	950	950	0.64	1	0:00:20.787078
48000	960	960	0.64	1	0:00:20.655099
48500	970	795	0.64	0	0:00:20.405823
49000	980	980	0.64	1	0:00:20.082223
49500	990	990	0.64	1	0:00:20.135006
