no.	maxl2sqr
3000	0.06035987287759781
3020	0.062283940613269806
3040	0.06199628859758377
3060	0.048798203468322754
3080	0.06908531486988068
3100	0.06930404901504517
3120	0.08939523249864578
3140	0.06918033957481384
3160	0.04621472954750061
3180	0.06918773055076599
3200	0.053827010095119476
3220	0.09061050415039062
3240	0.05522628128528595
3260	0.089628666639328
3280	0.055349502712488174
3300	0.09135986864566803
3320	0.0441889688372612
3340	0.06942690908908844
3360	0.05512272194027901
3380	0.04304855316877365
3400	0.06947082281112671
3420	0.04477662220597267
3440	0.07593363523483276
3460	0.06214740872383118
3480	0.05062057077884674
3500	0.07132871448993683
3520	0.0505501925945282
3540	0.05458594858646393
3560	0.0511075034737587
3580	0.0719669759273529
3600	0.07244929671287537
3620	0.07060527801513672
3640	0.05859298259019852
3660	0.06434356421232224
3680	0.080362968146801
3700	0.05669960379600525
3720	0.08662063628435135
3740	0.08270091563463211
3760	0.05633587762713432
3780	0.08609472960233688
3800	0.05784294754266739
3820	0.07622779160737991
3840	0.06075235456228256
3860	0.07558660209178925
3880	0.0562242791056633
3900	0.03615235909819603
3920	0.08717511594295502
3940	0.06383311748504639
3960	0.07214285433292389
3980	0.0701366513967514
0	0.0679130032658577
20	0.05995362251996994
40	0.038633011281490326
60	0.08635728061199188
80	0.06511539220809937
100	0.06375996768474579
120	0.0644349455833435
140	0.054869815707206726
160	0.06327525526285172
180	0.04097997024655342
200	0.06396491825580597
220	0.0490398183465004
240	0.05284707248210907
260	0.10184814780950546
280	0.05504535883665085
300	0.06068835407495499
320	0.049332134425640106
340	0.04828793182969093
360	0.08253730833530426
380	0.07579345256090164
400	0.07890962064266205
420	0.07388021051883698
440	0.06179463863372803
460	0.055397048592567444
480	0.049462273716926575
500	0.07092803716659546
520	0.06624408066272736
540	0.08225901424884796
560	0.056472353637218475
580	0.05741036310791969
600	0.05891818553209305
620	0.06303806602954865
640	0.04209088161587715
660	0.08071067184209824
680	0.0630575492978096
700	0.04646354168653488
720	0.08316262066364288
740	0.06162656843662262
760	0.05532526969909668
780	0.08209379017353058
800	0.06064273416996002
820	0.0676618367433548
840	0.043998006731271744
860	0.07488855719566345
880	0.0649411678314209
900	0.0400276854634285
920	0.044199563562870026
940	0.05225503444671631
960	0.05851289629936218
980	0.09074566513299942
1000	0.06077468767762184
1020	0.0568876788020134
1040	0.0384470596909523
1060	0.07910871505737305
1080	0.05048813670873642
1100	0.07051872462034225
1120	0.06511617451906204
1140	0.07325699180364609
1160	0.05181242153048515
1180	0.03826386108994484
1200	0.06726578623056412
1220	0.06947506964206696
1240	0.0545123815536499
1260	0.04701932519674301
1280	0.04018023610115051
1300	0.052195463329553604
1320	0.06057894974946976
1340	0.07795029878616333
1360	0.03790118917822838
1380	0.05539637431502342
1400	0.050590816885232925
1420	0.05590898543596268
1440	0.05968746170401573
1460	0.08710331469774246
1480	0.05545254051685333
1500	0.049445249140262604
1520	0.062474705278873444
1540	0.06554418057203293
1560	0.06341211497783661
1580	0.060574933886528015
1600	0.06180379167199135
1620	0.06349420547485352
1640	0.0666188895702362
1660	0.049868762493133545
1680	0.0668884813785553
1700	0.06547291576862335
1720	0.08692943304777145
1740	0.08325867354869843
1760	0.040652137249708176
1780	0.039541635662317276
1800	0.05523311346769333
1820	0.06854715943336487
1840	0.07952354103326797
1860	0.046763792634010315
1880	0.07376495003700256
1900	0.07057572156190872
1920	0.060296982526779175
1940	0.08074972033500671
1960	0.08941864967346191
1980	0.06394128501415253
8000	0.07658500969409943
8020	0.06038309261202812
8040	0.05923183634877205
8060	0.05250829830765724
8080	0.05843984708189964
8100	0.04939701780676842
8120	0.06798425316810608
8140	0.08477084338665009
8160	0.0633043572306633
8180	0.0762430727481842
8200	0.09091508388519287
8220	0.08408279716968536
8240	0.07666320353746414
8260	0.056875914335250854
8280	0.09893827140331268
8300	0.10805873572826385
8320	0.07804788649082184
8340	0.0594983771443367
8360	0.05684809014201164
8380	0.07518045604228973
8400	0.07376012951135635
8420	0.046248823404312134
8440	0.1008232831954956
8460	0.08993275463581085
8480	0.07687905430793762
8500	0.0889430046081543
8520	0.05770038813352585
8540	0.04284275323152542
8560	0.14039039611816406
8580	0.06556767970323563
8600	0.04206594079732895
8620	0.0613512247800827
8640	0.05174218490719795
8660	0.0705447793006897
8680	0.056626930832862854
8700	0.058367423713207245
8720	0.05622496455907822
8740	0.041150130331516266
8760	0.05512123554944992
8780	0.06417657434940338
8800	0.11299461871385574
8820	0.07357729971408844
8840	0.0656338483095169
8860	0.06318651884794235
8880	0.09164930880069733
8900	0.06449104845523834
8920	0.07401830703020096
8940	0.07803380489349365
8960	0.0911116749048233
8980	0.0837058424949646
5000	0.06301890313625336
5020	0.062486473470926285
5040	0.06285373866558075
5060	0.07063199579715729
5080	0.06580191850662231
5100	0.06870261579751968
5120	0.08673419058322906
5140	0.07043952494859695
5160	0.0817403495311737
5180	0.05164492502808571
5200	0.05342911183834076
5220	0.05923370271921158
5240	0.05164582282304764
5260	0.07311729341745377
5280	0.053298838436603546
5300	0.06089170649647713
5320	0.06294768303632736
5340	0.09837654232978821
5360	0.06825084984302521
5380	0.059830307960510254
5400	0.08358976244926453
5420	0.0921683982014656
5440	0.0698801726102829
5460	0.048696368932724
5480	0.06893852353096008
5500	0.106427863240242
5520	0.03960515931248665
5540	0.05440547317266464
5560	0.06419315189123154
5580	0.051789987832307816
5600	0.04628723859786987
5620	0.061817415058612823
5640	0.05963335186243057
5660	0.056757375597953796
5680	0.08583366125822067
5700	0.05887201428413391
5720	0.04511910676956177
5740	0.06855451315641403
5760	0.07690663635730743
5780	0.05773365497589111
5800	0.057156115770339966
5820	0.0813351571559906
5840	0.08327504992485046
5860	0.08252798020839691
5880	0.04189246520400047
5900	0.0688600093126297
5920	0.05370856076478958
5940	0.06930582225322723
5960	0.05605153739452362
5980	0.056391581892967224
4000	0.07002896070480347
4020	0.07546230405569077
4040	0.05625610426068306
4060	0.052653420716524124
4080	0.056873075664043427
4100	0.09208348393440247
4120	0.057524070143699646
4140	0.11620442569255829
4160	0.058215945959091187
4180	0.06119014322757721
4200	0.07875804603099823
4220	0.06052929908037186
4240	0.06024356931447983
4260	0.06312409043312073
4280	0.052100080996751785
4300	0.055324263870716095
4320	0.07681764662265778
4340	0.06385304033756256
4360	0.060974977910518646
4380	0.06685996800661087
4400	0.09221882373094559
4420	0.0632752925157547
4440	0.0652468353509903
4460	0.05528680607676506
4480	0.08251112699508667
4500	0.04314648360013962
4520	0.07168949395418167
4540	0.07369478046894073
4560	0.06311574578285217
4580	0.05080694332718849
4600	0.06406344473361969
4620	0.08536270260810852
4640	0.05055505037307739
4660	0.05515570193529129
4680	0.06971193850040436
4700	0.059681642800569534
4720	0.06282519549131393
4740	0.04411321133375168
4760	0.06783223152160645
4780	0.066930390894413
4800	0.0633133053779602
4820	0.08796416223049164
4840	0.05788946896791458
4860	0.07243622839450836
4880	0.05860456824302673
4900	0.07970717549324036
4920	0.10115150362253189
4940	0.08580844104290009
4960	0.09978582710027695
4980	0.057643815875053406
6000	0.06007926166057587
6020	0.053934015333652496
6040	0.05045522004365921
6060	0.04417690634727478
6080	0.07645601779222488
6100	0.0777820348739624
6120	0.06956730782985687
6140	0.07615667581558228
6160	0.08464768528938293
6180	0.0668695718050003
6200	0.06929181516170502
6220	0.06909692287445068
6240	0.08850444853305817
6260	0.08249271661043167
6280	0.07644584029912949
6300	0.08085519075393677
6320	0.047283485531806946
6340	0.08760149031877518
6360	0.0747530609369278
6380	0.0564396008849144
6400	0.07121458649635315
6420	0.060143642127513885
6440	0.06834052503108978
6460	0.10241787135601044
6480	0.06776778399944305
6500	0.07677429914474487
6520	0.0607655867934227
6540	0.04258352518081665
6560	0.06449462473392487
6580	0.08258220553398132
6600	0.059356555342674255
6620	0.07799910008907318
6640	0.08025878667831421
6660	0.08939976990222931
6680	0.05565807223320007
6700	0.09258989244699478
6720	0.049889449030160904
6740	0.06130652874708176
6760	0.06433989107608795
6780	0.08490476757287979
6800	0.08326660096645355
6820	0.08915629237890244
6840	0.057874538004398346
6860	0.08256948739290237
6880	0.08122541010379791
6900	0.044864166527986526
6920	0.07207204401493073
6940	0.056155189871788025
6960	0.06812606006860733
6980	0.0492149256169796
7000	0.051399871706962585
7020	0.05897932127118111
7040	0.1019880548119545
7060	0.0787750855088234
7080	0.07235228270292282
7100	0.08044647425413132
7120	0.10754487663507462
7140	0.05615200847387314
7160	0.07144153863191605
7180	0.06409767270088196
7200	0.0706310123205185
7220	0.09741723537445068
7240	0.05747766047716141
7260	0.07333438843488693
7280	0.04154271259903908
7300	0.05928768217563629
7320	0.05955897271633148
7340	0.04012741148471832
7360	0.05438390001654625
7380	0.0479126013815403
7400	0.08159448951482773
7420	0.11167655140161514
7440	0.06685734540224075
7460	0.06372373551130295
7480	0.0747922956943512
7500	0.07993707805871964
7520	0.06897975504398346
7540	0.0726175382733345
7560	0.06315302848815918
7580	0.073017917573452
7600	0.06636788696050644
7620	0.0628071129322052
7640	0.05840476602315903
7660	0.07334914058446884
7680	0.060949403792619705
7700	0.055850159376859665
7720	0.06407250463962555
7740	0.0694827288389206
7760	0.06881247460842133
7780	0.06370114535093307
7800	0.08315302431583405
7820	0.05836786702275276
7840	0.06794735044240952
7860	0.07362087815999985
7880	0.06714232265949249
7900	0.06092948839068413
7920	0.06647145748138428
7940	0.062445856630802155
7960	0.06602950394153595
7980	0.04313121736049652
9000	0.08847534656524658
9020	0.10184746980667114
9040	0.07332703471183777
9060	0.07065704464912415
9080	0.07646799087524414
9100	0.06481841951608658
9120	0.04104042798280716
9140	0.0433136448264122
9160	0.08318261057138443
9180	0.06974252313375473
9200	0.07360175251960754
9220	0.06790965050458908
9240	0.08660051226615906
9260	0.06434519588947296
9280	0.0762300193309784
9300	0.08047317713499069
9320	0.05444934964179993
9340	0.06217483431100845
9360	0.07430222630500793
9380	0.06088905781507492
9400	0.08421826362609863
9420	0.06959640979766846
9440	0.0718524307012558
9460	0.0683031752705574
9480	0.09423798322677612
9500	0.09203396737575531
9520	0.04407915845513344
9540	0.04907999560236931
9560	0.0719875618815422
9580	0.06327544897794724
9600	0.056297190487384796
9620	0.05109257251024246
9640	0.07489903271198273
9660	0.1018681675195694
9680	0.07006679475307465
9700	0.06311973929405212
9720	0.09382369369268417
9740	0.09527414292097092
9760	0.05680433660745621
9780	0.08625292778015137
9800	0.07611683756113052
9820	0.06341391801834106
9840	0.05578245595097542
9860	0.061885103583335876
9880	0.05957033485174179
9900	0.07144582271575928
9920	0.06676792353391647
9940	0.09070280194282532
9960	0.0706133097410202
9980	0.13459399342536926
2000	0.04847727715969086
2020	0.07538551092147827
2040	0.0697486400604248
2060	0.051095232367515564
2080	0.07451272010803223
2100	0.06544189155101776
2120	0.0684991404414177
2140	0.08040530979633331
2160	0.055609334260225296
2180	0.060641463845968246
2200	0.06987407058477402
2220	0.08628660440444946
2240	0.08449289947748184
2260	0.09070240706205368
2280	0.056269027292728424
2300	0.09755368530750275
2320	0.05402470752596855
2340	0.0780334547162056
2360	0.055090583860874176
2380	0.059388887137174606
2400	0.08203695714473724
2420	0.07456516474485397
2440	0.08573649078607559
2460	0.05451197922229767
2480	0.06715621799230576
2500	0.049370117485523224
2520	0.05940251052379608
2540	0.07970006763935089
2560	0.06710980087518692
2580	0.055100008845329285
2600	0.08257554471492767
2620	0.06728973984718323
2640	0.08495903015136719
2660	0.05542559176683426
2680	0.054087162017822266
2700	0.055087871849536896
2720	0.0510881207883358
2740	0.04919526353478432
2760	0.05677653104066849
2780	0.06455755233764648
2800	0.08831587433815002
2820	0.08788307011127472
2840	0.04543808102607727
2860	0.054977864027023315
2880	0.04169823229312897
2900	0.08588945865631104
2920	0.05276033282279968
2940	0.08585266768932343
2960	0.05863470956683159
2980	0.06006941571831703
