idx	label	predict	radius	correct	time
0	7	7	1.41	1	0:00:11.864915
20	9	9	1.41	1	0:00:11.590871
40	1	1	1.41	1	0:00:11.472767
60	7	7	1.41	1	0:00:11.523456
80	7	7	1.41	1	0:00:11.458848
100	6	6	1.41	1	0:00:11.781579
120	5	5	1.41	1	0:00:12.340036
140	6	6	1.41	1	0:00:13.533799
160	4	4	1.41	1	0:00:11.800719
180	1	1	1.41	1	0:00:11.829725
200	3	3	1.41	1	0:00:11.672556
220	7	7	1.41	1	0:00:11.966514
240	5	5	1.41	1	0:00:12.536754
260	8	8	1.41	1	0:00:11.751879
280	2	2	1.41	1	0:00:14.241329
300	4	4	1.41	1	0:00:12.354888
320	9	9	1.41	1	0:00:11.766023
340	5	5	0.858	1	0:00:11.692537
360	4	4	1.41	1	0:00:11.976551
380	0	0	1.41	1	0:00:11.712528
400	2	2	1.41	1	0:00:12.514106
420	4	4	1.41	1	0:00:11.911379
440	0	0	1.41	1	0:00:13.080289
460	5	5	1.41	1	0:00:13.153109
480	1	1	1.41	1	0:00:12.011036
500	3	3	1.41	1	0:00:12.889193
520	8	8	1.41	1	0:00:11.813560
540	5	5	1.41	1	0:00:11.732807
560	9	9	1.41	1	0:00:11.964526
580	8	8	1.41	1	0:00:11.870049
600	6	6	1.41	1	0:00:12.002242
620	0	0	1.41	1	0:00:11.870401
640	1	1	1.41	1	0:00:12.012446
660	4	4	1.41	1	0:00:11.820650
680	6	6	1.41	1	0:00:11.805354
700	1	1	1.41	1	0:00:11.664186
720	5	5	1.41	1	0:00:11.627437
740	4	4	1.41	1	0:00:11.862540
760	4	4	1.41	1	0:00:11.734044
780	3	3	1.41	1	0:00:12.662293
800	8	8	1.41	1	0:00:12.120378
820	6	6	1.41	1	0:00:12.242621
840	1	1	1.41	1	0:00:12.113143
860	6	6	1.41	1	0:00:11.986628
880	7	7	1.41	1	0:00:11.577619
900	1	1	1.41	1	0:00:11.634056
920	1	1	1.41	1	0:00:11.613972
940	6	6	1.41	1	0:00:11.650165
960	7	7	1.41	1	0:00:11.854494
980	2	2	1.41	1	0:00:11.622848
1000	9	9	1.41	1	0:00:11.481328
1020	3	3	1.41	1	0:00:11.498604
1040	1	1	1.41	1	0:00:11.764885
1060	4	4	1.41	1	0:00:11.840967
1080	4	4	1.41	1	0:00:11.789053
1100	7	7	1.41	1	0:00:11.717193
1120	8	8	1.41	1	0:00:11.849199
1140	4	4	1.41	1	0:00:11.739463
1160	4	4	1.41	1	0:00:11.780712
1180	1	1	1.41	1	0:00:11.883952
1200	8	8	1.41	1	0:00:11.595434
1220	0	0	1.41	1	0:00:11.848464
1240	1	1	1.41	1	0:00:11.814346
1260	7	-1	0.0	0	0:00:11.738660
1280	1	1	1.41	1	0:00:11.595717
1300	4	4	1.41	1	0:00:11.706416
1320	8	8	1.41	1	0:00:11.818120
1340	5	5	1.41	1	0:00:12.014261
1360	1	1	1.41	1	0:00:11.586532
1380	9	9	1.41	1	0:00:11.630199
1400	6	6	1.41	1	0:00:11.739635
1420	6	6	1.41	1	0:00:11.765099
1440	4	4	1.41	1	0:00:11.851883
1460	5	5	1.41	1	0:00:13.437621
1480	3	3	1.41	1	0:00:11.854679
1500	7	7	1.41	1	0:00:13.209900
1520	7	7	1.41	1	0:00:12.517144
1540	7	7	1.41	1	0:00:11.691964
1560	8	8	1.41	1	0:00:11.738982
1580	4	4	1.41	1	0:00:13.192855
1600	3	3	1.41	1	0:00:12.191813
1620	2	2	1.41	1	0:00:12.890646
1640	9	9	1.41	1	0:00:11.693480
1660	7	7	1.41	1	0:00:11.527139
1680	4	4	1.41	1	0:00:13.427616
1700	0	0	1.41	1	0:00:12.200643
1720	4	4	1.41	1	0:00:12.013395
1740	8	8	1.41	1	0:00:11.795059
1760	1	1	1.41	1	0:00:11.620761
1780	1	1	1.41	1	0:00:12.037190
1800	6	6	1.41	1	0:00:12.604256
1820	1	1	1.41	1	0:00:11.927487
1840	3	3	1.41	1	0:00:11.894639
1860	5	5	1.41	1	0:00:12.210062
1880	6	6	1.41	1	0:00:11.509019
1900	1	1	1.41	1	0:00:11.665269
1920	4	4	1.41	1	0:00:12.093398
1940	5	5	1.41	1	0:00:12.919747
1960	8	8	1.41	1	0:00:11.760572
1980	4	4	1.41	1	0:00:11.656986
2000	6	6	1.41	1	0:00:11.952391
2020	3	3	1.41	1	0:00:12.328961
2040	5	5	1.41	1	0:00:12.682690
2060	0	0	1.41	1	0:00:12.192609
2080	3	3	1.41	1	0:00:11.563493
2100	5	5	1.41	1	0:00:11.627133
2120	4	4	1.41	1	0:00:11.776232
2140	6	6	1.41	1	0:00:11.635055
2160	6	6	1.41	1	0:00:11.874129
2180	5	5	1.41	1	0:00:11.892107
2200	2	2	1.41	1	0:00:11.774963
2220	7	7	1.41	1	0:00:11.665277
2240	7	7	1.41	1	0:00:11.585993
2260	2	2	1.41	1	0:00:11.524866
2280	3	3	1.41	1	0:00:11.843953
2300	3	3	1.41	1	0:00:12.160991
2320	9	9	1.41	1	0:00:11.499801
2340	4	4	1.41	1	0:00:11.677448
2360	6	6	1.41	1	0:00:12.095307
2380	9	9	1.41	1	0:00:12.160228
2400	5	5	1.41	1	0:00:11.799613
2420	9	9	1.41	1	0:00:11.666073
2440	4	4	1.41	1	0:00:12.781765
2460	5	5	1.41	1	0:00:12.079859
2480	7	7	1.41	1	0:00:11.665746
2500	2	2	1.41	1	0:00:12.714902
2520	8	8	1.41	1	0:00:12.559217
2540	5	5	1.41	1	0:00:11.628526
2560	3	3	1.41	1	0:00:12.001744
2580	6	6	1.41	1	0:00:12.770080
2600	8	8	1.41	1	0:00:11.888688
2620	6	6	1.41	1	0:00:11.874000
2640	8	8	1.41	1	0:00:12.081525
2660	0	0	1.41	1	0:00:12.346689
2680	4	4	1.41	1	0:00:13.526455
2700	7	7	1.41	1	0:00:12.477704
2720	9	9	1.19	1	0:00:11.781165
2740	9	9	1.41	1	0:00:12.487144
2760	9	9	1.41	1	0:00:11.382895
2780	2	2	1.41	1	0:00:11.574694
2800	8	8	1.41	1	0:00:13.131652
2820	7	7	1.41	1	0:00:11.685078
2840	3	3	1.41	1	0:00:11.615613
2860	6	6	1.41	1	0:00:11.769147
2880	1	1	1.41	1	0:00:12.248660
2900	4	4	1.41	1	0:00:12.938016
2920	6	6	1.41	1	0:00:11.610162
2940	2	2	1.41	1	0:00:11.801177
2960	8	8	1.41	1	0:00:12.582206
2980	6	6	1.41	1	0:00:11.652845
3000	6	6	1.41	1	0:00:11.820343
3020	0	0	1.41	1	0:00:11.880532
3040	7	7	1.41	1	0:00:11.430753
3060	9	9	1.41	1	0:00:11.869355
3080	3	3	1.41	1	0:00:12.308707
3100	5	5	1.41	1	0:00:11.885858
3120	3	3	1.41	1	0:00:11.761736
3140	0	0	1.41	1	0:00:11.733109
3160	9	9	1.41	1	0:00:12.556351
3180	2	2	1.41	1	0:00:12.386452
3200	9	9	1.41	1	0:00:11.588208
3220	5	5	1.41	1	0:00:11.568843
3240	9	9	1.41	1	0:00:11.891026
3260	2	2	1.41	1	0:00:11.849281
3280	2	2	1.41	1	0:00:11.700526
3300	3	3	1.41	1	0:00:11.613233
3320	1	1	1.41	1	0:00:11.663558
3340	8	8	1.41	1	0:00:11.506859
3360	7	7	1.41	1	0:00:11.925666
3380	1	1	1.41	1	0:00:12.698963
3400	7	7	1.41	1	0:00:11.583330
3420	1	1	1.41	1	0:00:11.720635
3440	8	8	1.41	1	0:00:11.803086
3460	9	9	1.41	1	0:00:11.445430
3480	1	1	1.41	1	0:00:11.816378
3500	4	4	1.41	1	0:00:11.701929
3520	6	6	1.36	1	0:00:11.664571
3540	0	0	1.41	1	0:00:12.550960
3560	6	6	1.41	1	0:00:12.910405
3580	7	7	1.41	1	0:00:12.005412
3600	2	2	1.41	1	0:00:11.582735
3620	3	3	1.41	1	0:00:11.799643
3640	0	0	1.41	1	0:00:11.587353
3660	0	0	1.41	1	0:00:11.691213
3680	0	0	1.41	1	0:00:13.437105
3700	4	4	1.41	1	0:00:11.582016
3720	7	7	1.41	1	0:00:11.565468
3740	3	3	1.41	1	0:00:11.649015
3760	9	9	1.41	1	0:00:11.865770
3780	4	-1	0.0	0	0:00:12.013208
3800	6	6	1.41	1	0:00:12.443039
3820	9	9	1.41	1	0:00:11.566083
3840	9	9	1.41	1	0:00:12.434710
3860	5	5	1.41	1	0:00:11.779406
3880	8	8	1.41	1	0:00:11.779633
3900	1	1	1.41	1	0:00:11.595536
3920	7	7	1.41	1	0:00:11.653203
3940	0	0	1.41	1	0:00:11.642234
3960	5	5	1.41	1	0:00:11.680207
3980	0	0	1.41	1	0:00:11.684669
4000	9	9	1.41	1	0:00:11.906240
4020	8	8	1.41	1	0:00:12.449770
4040	9	9	1.41	1	0:00:13.539611
4060	4	4	1.41	1	0:00:12.006317
4080	0	0	1.41	1	0:00:12.317130
4100	2	2	1.41	1	0:00:12.187694
4120	3	3	1.41	1	0:00:12.050040
4140	8	8	1.41	1	0:00:12.104429
4160	6	6	1.41	1	0:00:11.676296
4180	2	2	1.41	1	0:00:11.610458
4200	7	7	1.41	1	0:00:11.637415
4220	3	3	1.41	1	0:00:11.494831
4240	9	9	1.41	1	0:00:11.598946
4260	2	2	1.41	1	0:00:11.794053
4280	9	9	1.41	1	0:00:12.550838
4300	5	5	1.41	1	0:00:11.875566
4320	0	0	1.41	1	0:00:12.380486
4340	5	5	1.41	1	0:00:11.449688
4360	5	5	1.41	1	0:00:13.057312
4380	8	8	1.41	1	0:00:12.821271
4400	7	7	1.41	1	0:00:11.936483
4420	5	5	1.41	1	0:00:11.865127
4440	5	5	1.41	1	0:00:11.674953
4460	7	7	1.41	1	0:00:11.821810
4480	9	9	1.41	1	0:00:12.444557
4500	9	9	1.41	1	0:00:11.993299
4520	5	5	1.41	1	0:00:11.817443
4540	7	7	1.41	1	0:00:11.862348
4560	9	9	1.41	1	0:00:13.213378
4580	1	1	1.41	1	0:00:11.702578
4600	3	3	1.41	1	0:00:11.673982
4620	6	6	1.41	1	0:00:12.320686
4640	8	8	1.41	1	0:00:11.620667
4660	7	7	1.41	1	0:00:11.640289
4680	6	6	1.41	1	0:00:11.843909
4700	9	9	1.41	1	0:00:11.744490
4720	0	0	1.41	1	0:00:12.917002
4740	3	3	0.613	1	0:00:12.346227
4760	7	7	1.41	1	0:00:14.822325
4780	0	0	1.41	1	0:00:11.982992
4800	7	7	1.41	1	0:00:11.622245
4820	8	8	1.41	1	0:00:12.467783
4840	9	9	1.41	1	0:00:13.073314
4860	4	4	1.41	1	0:00:12.290129
4880	0	0	1.41	1	0:00:11.589917
4900	7	7	1.41	1	0:00:11.748527
4920	2	2	1.41	1	0:00:12.063695
4940	3	3	1.41	1	0:00:11.884814
4960	8	8	1.41	1	0:00:12.673152
4980	6	6	1.41	1	0:00:11.984890
5000	3	3	1.41	1	0:00:11.966822
5020	5	5	1.41	1	0:00:11.803445
5040	7	7	1.41	1	0:00:12.077425
5060	9	9	1.41	1	0:00:11.926194
5080	9	9	1.41	1	0:00:12.017197
5100	9	9	1.41	1	0:00:11.989073
5120	2	2	1.41	1	0:00:11.628753
5140	3	3	1.41	1	0:00:11.721816
5160	5	5	1.41	1	0:00:11.909065
5180	7	7	1.41	1	0:00:11.993897
5200	4	4	1.41	1	0:00:11.739060
5220	9	9	1.41	1	0:00:11.641664
5240	7	7	1.41	1	0:00:11.895143
5260	4	4	1.41	1	0:00:11.801626
5280	0	0	1.41	1	0:00:11.698566
5300	8	8	1.41	1	0:00:11.545475
5320	0	0	1.41	1	0:00:11.771081
5340	2	2	1.41	1	0:00:12.199482
5360	8	8	1.41	1	0:00:11.869470
5380	8	8	1.41	1	0:00:11.862016
5400	5	5	1.41	1	0:00:13.451312
5420	5	5	1.41	1	0:00:11.518235
5440	4	4	1.41	1	0:00:11.515564
5460	1	1	1.41	1	0:00:11.755573
5480	5	5	1.41	1	0:00:12.304083
5500	4	4	1.41	1	0:00:11.955101
5520	1	1	1.41	1	0:00:11.708572
5540	7	7	1.41	1	0:00:11.735543
5560	7	7	1.41	1	0:00:11.852070
5580	9	9	1.41	1	0:00:11.696643
5600	7	7	1.41	1	0:00:11.648024
5620	7	7	1.41	1	0:00:11.619244
5640	7	7	1.41	1	0:00:11.805323
5660	6	6	1.41	1	0:00:11.647765
5680	8	8	1.41	1	0:00:11.768194
5700	3	3	1.41	1	0:00:11.672690
5720	4	4	1.41	1	0:00:11.739602
5740	3	3	1.41	1	0:00:11.712178
5760	3	3	1.41	1	0:00:11.573845
5780	3	3	1.41	1	0:00:11.711775
5800	9	9	1.41	1	0:00:11.801546
5820	2	2	1.41	1	0:00:11.479901
5840	2	2	1.41	1	0:00:11.618595
5860	3	3	1.41	1	0:00:11.637984
5880	1	1	1.41	1	0:00:11.555542
5900	4	4	1.41	1	0:00:11.622699
5920	6	6	1.41	1	0:00:11.593242
5940	8	8	1.41	1	0:00:11.624506
5960	8	8	1.41	1	0:00:11.613740
5980	0	0	1.41	1	0:00:11.758858
6000	9	9	1.41	1	0:00:11.640234
6020	6	6	1.41	1	0:00:11.749205
6040	0	0	1.41	1	0:00:11.761506
6060	1	1	1.41	1	0:00:11.554542
6080	8	8	1.41	1	0:00:11.674709
6100	4	4	1.41	1	0:00:11.683521
6120	5	5	1.41	1	0:00:11.678563
6140	0	0	1.41	1	0:00:11.904167
6160	3	3	1.41	1	0:00:11.558607
6180	2	2	1.41	1	0:00:11.830451
6200	9	9	1.41	1	0:00:11.521812
6220	4	4	1.41	1	0:00:11.775349
6240	2	2	1.41	1	0:00:11.852360
6260	3	3	1.41	1	0:00:11.706205
6280	0	0	1.41	1	0:00:11.704718
6300	4	4	1.41	1	0:00:11.772192
6320	1	1	1.41	1	0:00:11.800681
6340	2	2	1.41	1	0:00:11.686897
6360	7	7	1.41	1	0:00:11.573699
6380	7	7	1.41	1	0:00:11.542822
6400	0	4	1.41	0	0:00:12.042579
6420	9	9	1.41	1	0:00:11.686718
6440	3	3	1.41	1	0:00:11.635876
6460	4	4	1.41	1	0:00:11.545093
6480	2	2	1.41	1	0:00:11.705851
6500	5	5	1.41	1	0:00:11.712674
6520	9	9	1.41	1	0:00:11.593132
6540	1	1	1.41	1	0:00:11.493536
6560	9	5	1.41	0	0:00:11.765799
6580	0	0	1.41	1	0:00:11.706048
6600	5	5	1.41	1	0:00:11.457390
6620	5	5	1.41	1	0:00:11.819297
6640	7	7	1.41	1	0:00:11.769264
6660	4	4	1.41	1	0:00:11.702659
6680	1	1	1.41	1	0:00:11.803518
6700	4	4	1.41	1	0:00:11.741396
6720	1	1	1.41	1	0:00:11.749332
6740	9	9	1.41	1	0:00:12.440799
6760	0	0	1.41	1	0:00:11.605837
6780	4	4	1.41	1	0:00:11.935675
6800	2	2	1.41	1	0:00:11.723289
6820	2	2	1.41	1	0:00:13.047396
6840	3	3	1.41	1	0:00:11.883003
6860	5	5	1.41	1	0:00:11.803859
6880	5	5	1.41	1	0:00:12.279680
6900	6	6	1.41	1	0:00:11.754264
6920	2	2	1.41	1	0:00:11.751142
6940	3	3	1.41	1	0:00:11.881758
6960	7	7	1.41	1	0:00:11.592363
6980	9	9	1.41	1	0:00:12.549860
7000	1	1	1.41	1	0:00:11.751919
7020	6	6	1.41	1	0:00:11.471283
7040	3	3	1.41	1	0:00:12.985075
7060	8	8	1.41	1	0:00:12.649331
7080	8	8	1.41	1	0:00:11.725461
7100	2	2	1.41	1	0:00:12.471134
7120	2	2	1.41	1	0:00:12.339600
7140	3	3	1.41	1	0:00:11.662469
7160	5	5	1.41	1	0:00:11.663742
7180	7	7	1.41	1	0:00:13.050563
7200	8	8	1.41	1	0:00:11.730533
7220	8	8	1.41	1	0:00:11.586694
7240	5	5	1.41	1	0:00:12.212295
7260	7	7	1.41	1	0:00:11.809024
7280	1	1	1.41	1	0:00:11.671279
7300	7	7	1.41	1	0:00:11.504831
7320	7	7	1.41	1	0:00:11.679187
7340	1	1	1.41	1	0:00:13.071094
7360	9	9	1.41	1	0:00:13.889974
7380	9	9	1.41	1	0:00:11.614332
7400	2	2	1.41	1	0:00:11.335149
7420	2	2	1.41	1	0:00:11.485506
7440	0	0	1.41	1	0:00:11.979401
7460	7	7	1.41	1	0:00:11.413450
7480	1	1	1.41	1	0:00:11.177091
7500	8	8	1.41	1	0:00:11.810136
7520	4	4	1.41	1	0:00:12.623042
7540	6	6	1.41	1	0:00:10.853544
7560	4	4	1.41	1	0:00:10.782321
7580	9	9	1.41	1	0:00:10.734598
7600	1	1	1.41	1	0:00:13.331647
7620	3	3	1.41	1	0:00:12.402908
7640	9	9	1.41	1	0:00:10.947285
7660	8	8	1.41	1	0:00:11.005423
7680	9	9	1.41	1	0:00:10.766467
7700	9	9	1.41	1	0:00:12.037545
7720	8	8	1.41	1	0:00:10.934888
7740	3	3	1.41	1	0:00:11.382139
7760	7	7	1.41	1	0:00:11.767906
7780	0	0	1.41	1	0:00:10.602556
7800	3	3	1.41	1	0:00:11.100989
7820	0	0	1.41	1	0:00:10.773837
7840	2	2	1.41	1	0:00:11.843571
7860	6	6	1.41	1	0:00:10.912427
7880	6	6	1.41	1	0:00:11.736311
7900	1	1	1.41	1	0:00:10.948647
7920	1	1	1.41	1	0:00:10.898823
7940	7	7	1.41	1	0:00:11.736444
7960	7	7	1.41	1	0:00:11.359444
7980	1	1	1.41	1	0:00:10.915884
8000	4	4	1.41	1	0:00:10.819367
8020	1	1	1.41	1	0:00:10.905675
8040	6	6	1.41	1	0:00:11.237669
8060	3	3	1.41	1	0:00:13.845358
8080	3	3	1.41	1	0:00:11.749180
8100	1	1	1.41	1	0:00:11.600290
8120	3	3	1.41	1	0:00:11.059521
8140	3	3	1.41	1	0:00:11.097133
8160	5	5	1.34	1	0:00:10.811192
8180	5	5	1.41	1	0:00:11.750695
8200	6	6	1.41	1	0:00:12.650281
8220	4	4	1.41	1	0:00:10.776512
8240	6	6	1.41	1	0:00:10.816164
8260	0	0	1.41	1	0:00:11.114896
8280	4	4	1.41	1	0:00:11.445952
8300	8	8	1.41	1	0:00:10.999615
8320	2	2	1.41	1	0:00:10.792334
8340	1	1	1.41	1	0:00:12.140074
8360	1	1	1.41	1	0:00:10.958162
8380	6	6	1.41	1	0:00:11.105695
8400	4	4	1.41	1	0:00:10.911708
8420	1	1	1.41	1	0:00:12.060624
8440	8	8	1.41	1	0:00:10.838050
8460	2	2	1.41	1	0:00:12.151700
8480	7	7	1.41	1	0:00:11.662558
8500	4	4	1.41	1	0:00:10.774280
8520	4	4	1.41	1	0:00:12.214394
8540	1	1	1.41	1	0:00:11.333220
8560	2	2	1.41	1	0:00:10.770719
8580	6	6	1.41	1	0:00:11.220956
8600	1	1	1.41	1	0:00:10.886859
8620	7	7	1.41	1	0:00:10.799292
8640	9	9	1.41	1	0:00:11.218218
8660	3	3	1.41	1	0:00:10.741166
8680	9	9	1.41	1	0:00:11.840417
8700	9	9	1.41	1	0:00:11.021618
8720	1	1	1.41	1	0:00:11.332456
8740	1	1	1.41	1	0:00:11.877768
8760	6	6	1.41	1	0:00:11.104809
8780	3	3	1.41	1	0:00:11.268203
8800	2	2	1.41	1	0:00:11.720250
8820	2	2	1.41	1	0:00:10.649078
8840	3	3	1.41	1	0:00:12.156683
8860	3	3	1.41	1	0:00:11.281252
8880	2	2	1.41	1	0:00:10.825455
8900	9	9	1.41	1	0:00:10.739775
8920	9	9	1.41	1	0:00:10.892323
8940	5	5	1.41	1	0:00:12.530294
8960	4	4	1.41	1	0:00:10.519756
8980	1	1	1.41	1	0:00:10.975416
9000	7	7	1.41	1	0:00:10.774980
9020	8	8	1.41	1	0:00:10.860209
9040	6	6	1.41	1	0:00:10.679921
9060	0	0	1.41	1	0:00:10.683888
9080	0	0	1.41	1	0:00:11.244881
9100	3	3	1.41	1	0:00:11.445729
9120	1	1	1.41	1	0:00:10.814363
9140	1	1	1.41	1	0:00:10.679845
9160	5	5	1.41	1	0:00:10.717269
9180	1	1	1.41	1	0:00:10.583074
9200	1	1	1.41	1	0:00:10.841903
9220	0	0	1.41	1	0:00:10.725777
9240	6	6	1.41	1	0:00:10.969786
9260	5	5	1.41	1	0:00:10.925402
9280	8	5	1.24	0	0:00:10.648439
9300	7	7	1.41	1	0:00:12.169480
9320	4	4	1.41	1	0:00:10.704870
9340	7	7	1.41	1	0:00:11.046070
9360	5	5	1.41	1	0:00:12.190275
9380	3	3	1.41	1	0:00:10.603115
9400	5	5	1.41	1	0:00:13.096349
9420	8	8	1.41	1	0:00:10.357197
9440	0	0	1.41	1	0:00:11.645749
9460	3	3	1.41	1	0:00:10.838240
9480	2	2	1.41	1	0:00:10.674398
9500	2	2	1.41	1	0:00:11.435765
9520	1	1	1.41	1	0:00:10.578679
9540	1	1	1.39	1	0:00:10.489586
9560	7	7	1.41	1	0:00:10.453626
9580	9	9	1.41	1	0:00:11.194067
9600	5	5	1.41	1	0:00:11.204135
9620	9	9	1.41	1	0:00:11.098683
9640	7	7	1.41	1	0:00:10.750471
9660	7	7	1.41	1	0:00:11.228665
9680	3	3	1.41	1	0:00:10.532555
9700	2	2	1.33	1	0:00:11.135371
9720	6	6	1.41	1	0:00:10.559170
9740	9	9	1.41	1	0:00:10.509608
9760	1	1	1.41	1	0:00:10.975469
9780	8	8	1.41	1	0:00:10.710936
9800	0	0	1.41	1	0:00:10.525603
9820	2	2	1.41	1	0:00:10.763736
9840	3	3	1.41	1	0:00:10.883477
9860	3	3	1.41	1	0:00:10.583394
9880	2	2	1.41	1	0:00:11.265678
9900	8	8	1.41	1	0:00:10.510193
9920	8	8	1.41	1	0:00:13.627917
9940	6	6	1.41	1	0:00:11.167542
9960	4	4	1.41	1	0:00:13.476435
9980	2	2	1.41	1	0:00:10.510153
