idx	label	predict	radius	correct	time
0	7	7	2.83	1	0:00:14.949639
20	9	9	2.83	1	0:00:14.591709
40	1	1	2.83	1	0:00:14.613543
60	7	7	2.83	1	0:00:14.507134
80	7	7	2.52	1	0:00:14.607957
100	6	6	2.83	1	0:00:14.727059
120	5	5	2.83	1	0:00:14.756018
140	6	6	2.83	1	0:00:14.449861
160	4	4	2.83	1	0:00:14.356469
180	1	1	2.83	1	0:00:14.607662
200	3	3	2.83	1	0:00:14.491408
220	7	7	2.83	1	0:00:14.466283
240	5	5	2.83	1	0:00:14.377037
260	8	8	2.83	1	0:00:14.532801
280	2	2	2.83	1	0:00:14.788588
300	4	4	2.83	1	0:00:14.514935
320	9	9	1.49	1	0:00:14.559286
340	5	3	1.84	0	0:00:14.791592
360	4	4	2.83	1	0:00:14.542593
380	0	0	2.83	1	0:00:14.825316
400	2	2	2.83	1	0:00:14.772959
420	4	4	2.78	1	0:00:14.490641
440	0	0	2.83	1	0:00:14.497857
460	5	5	2.53	1	0:00:14.266333
480	1	1	2.83	1	0:00:14.588719
500	3	3	2.83	1	0:00:14.549231
520	8	8	2.83	1	0:00:14.509302
540	5	5	2.83	1	0:00:14.706233
560	9	9	2.83	1	0:00:14.501765
580	8	8	2.83	1	0:00:14.525708
600	6	6	2.83	1	0:00:14.903041
620	0	0	2.83	1	0:00:14.442123
640	1	1	2.83	1	0:00:14.714431
660	4	4	2.83	1	0:00:14.651873
680	6	6	2.83	1	0:00:14.488214
700	1	1	2.83	1	0:00:14.460096
720	5	5	1.74	1	0:00:14.759767
740	4	9	2.83	0	0:00:14.618847
760	4	4	2.81	1	0:00:14.526036
780	3	3	2.83	1	0:00:14.622257
800	8	8	2.83	1	0:00:14.678472
820	6	6	2.83	1	0:00:14.519173
840	1	1	2.83	1	0:00:14.497599
860	6	6	2.83	1	0:00:14.671909
880	7	7	2.83	1	0:00:14.438894
900	1	3	1.56	0	0:00:14.548506
920	1	1	2.83	1	0:00:14.864930
940	6	6	2.83	1	0:00:14.629710
960	7	7	2.47	1	0:00:14.688139
980	2	2	2.83	1	0:00:14.768790
1000	9	9	2.83	1	0:00:14.467472
1020	3	3	2.83	1	0:00:14.504274
1040	1	1	2.83	1	0:00:14.940209
1060	4	4	2.83	1	0:00:14.549727
1080	4	4	2.83	1	0:00:14.620402
1100	7	7	2.83	1	0:00:14.854024
1120	8	8	2.83	1	0:00:15.022446
1140	4	4	2.83	1	0:00:14.703640
1160	4	4	2.83	1	0:00:14.646799
1180	1	1	2.83	1	0:00:14.719441
1200	8	8	2.83	1	0:00:14.683099
1220	0	0	2.83	1	0:00:14.414852
1240	1	1	2.83	1	0:00:14.487010
1260	7	1	2.83	0	0:00:14.754254
1280	1	1	2.83	1	0:00:14.469995
1300	4	4	2.83	1	0:00:14.776062
1320	8	8	2.83	1	0:00:14.367165
1340	5	5	2.83	1	0:00:14.716263
1360	1	1	2.83	1	0:00:14.604944
1380	9	9	2.83	1	0:00:14.884249
1400	6	6	2.83	1	0:00:14.536314
1420	6	6	2.83	1	0:00:14.581517
1440	4	8	2.22	0	0:00:14.631093
1460	5	5	2.83	1	0:00:14.694491
1480	3	3	2.83	1	0:00:14.371862
1500	7	1	1.03	0	0:00:14.428901
1520	7	7	2.83	1	0:00:14.323191
1540	7	7	2.83	1	0:00:14.784258
1560	8	8	2.83	1	0:00:14.646801
1580	4	4	2.83	1	0:00:14.397259
1600	3	3	2.83	1	0:00:14.542237
1620	2	2	2.83	1	0:00:14.639162
1640	9	9	2.83	1	0:00:14.479779
1660	7	7	2.83	1	0:00:14.644667
1680	4	4	2.83	1	0:00:14.718380
1700	0	0	2.83	1	0:00:15.180905
1720	4	4	2.83	1	0:00:14.685262
1740	8	8	2.83	1	0:00:15.056824
1760	1	1	2.83	1	0:00:14.736861
1780	1	1	2.83	1	0:00:14.367978
1800	6	6	2.83	1	0:00:14.502141
1820	1	1	2.83	1	0:00:14.650028
1840	3	3	2.83	1	0:00:14.490176
1860	5	5	2.83	1	0:00:14.381252
1880	6	6	2.83	1	0:00:14.496033
1900	1	1	2.83	1	0:00:14.615807
1920	4	4	2.83	1	0:00:14.602065
1940	5	5	2.83	1	0:00:14.585946
1960	8	8	2.83	1	0:00:14.590916
1980	4	4	2.83	1	0:00:14.767393
2000	6	6	2.83	1	0:00:14.655841
2020	3	3	2.83	1	0:00:14.681109
2040	5	5	2.05	1	0:00:14.613268
2060	0	0	2.83	1	0:00:15.106563
2080	3	3	2.83	1	0:00:14.695745
2100	5	5	2.83	1	0:00:14.755960
2120	4	4	2.83	1	0:00:14.513383
2140	6	6	2.83	1	0:00:14.407499
2160	6	6	2.83	1	0:00:14.672948
2180	5	5	2.83	1	0:00:14.664139
2200	2	2	2.83	1	0:00:14.512484
2220	7	7	2.83	1	0:00:14.337194
2240	7	7	2.83	1	0:00:14.607161
2260	2	2	2.83	1	0:00:14.436360
2280	3	3	2.06	1	0:00:14.377631
2300	3	3	2.83	1	0:00:14.433625
2320	9	9	2.83	1	0:00:14.659531
2340	4	4	2.83	1	0:00:14.698505
2360	6	6	2.83	1	0:00:14.633483
2380	9	9	2.83	1	0:00:14.468284
2400	5	5	2.83	1	0:00:14.709244
2420	9	9	2.83	1	0:00:14.998004
2440	4	4	2.83	1	0:00:14.687216
2460	5	5	2.67	1	0:00:14.871216
2480	7	7	2.83	1	0:00:14.730839
2500	2	2	2.83	1	0:00:14.590093
2520	8	8	2.83	1	0:00:15.170462
2540	5	5	2.83	1	0:00:14.517798
2560	3	3	2.83	1	0:00:14.539215
2580	6	6	2.83	1	0:00:14.503941
2600	8	8	2.83	1	0:00:14.744071
2620	6	6	2.83	1	0:00:14.797314
2640	8	8	2.83	1	0:00:14.514664
2660	0	0	2.83	1	0:00:14.440877
2680	4	4	2.83	1	0:00:14.434320
2700	7	7	2.83	1	0:00:14.332388
2720	9	9	2.81	1	0:00:14.634175
2740	9	9	2.83	1	0:00:14.455649
2760	9	9	2.83	1	0:00:14.434658
2780	2	2	2.83	1	0:00:14.561362
2800	8	8	2.83	1	0:00:14.473227
2820	7	7	2.83	1	0:00:14.485759
2840	3	3	2.83	1	0:00:14.760612
2860	6	6	2.83	1	0:00:14.906920
2880	1	1	2.83	1	0:00:14.500398
2900	4	4	2.83	1	0:00:14.552182
2920	6	6	2.83	1	0:00:14.494507
2940	2	2	2.83	1	0:00:14.943738
2960	8	8	2.83	1	0:00:14.266226
2980	6	6	2.83	1	0:00:14.251804
3000	6	6	2.83	1	0:00:14.505652
3020	0	0	2.83	1	0:00:14.553734
3040	7	7	2.83	1	0:00:14.602498
3060	9	7	0.888	0	0:00:14.478355
3080	3	3	2.83	1	0:00:14.411662
3100	5	5	2.83	1	0:00:14.348815
3120	3	3	2.83	1	0:00:14.430638
3140	0	0	2.83	1	0:00:14.498353
3160	9	9	2.74	1	0:00:14.986200
3180	2	2	2.83	1	0:00:14.384184
3200	9	9	2.83	1	0:00:14.384393
3220	5	5	2.83	1	0:00:14.515358
3240	9	9	2.77	1	0:00:14.575643
3260	2	2	2.83	1	0:00:14.539829
3280	2	2	2.83	1	0:00:14.395951
3300	3	3	2.05	1	0:00:14.676923
3320	1	1	2.83	1	0:00:14.439689
3340	8	8	2.83	1	0:00:14.537495
3360	7	7	2.83	1	0:00:14.562499
3380	1	1	2.83	1	0:00:14.478502
3400	7	7	2.83	1	0:00:14.690256
3420	1	1	2.83	1	0:00:14.716306
3440	8	8	2.83	1	0:00:14.713935
3460	9	9	2.83	1	0:00:14.508089
3480	1	1	2.83	1	0:00:14.555000
3500	4	4	2.83	1	0:00:14.438211
3520	6	4	2.75	0	0:00:14.438551
3540	0	0	2.83	1	0:00:14.275473
3560	6	6	2.83	1	0:00:14.763593
3580	7	7	2.83	1	0:00:14.532475
3600	2	2	2.83	1	0:00:14.395631
3620	3	3	2.83	1	0:00:14.595389
3640	0	0	2.83	1	0:00:14.654181
3660	0	0	2.83	1	0:00:14.592087
3680	0	0	2.83	1	0:00:14.954148
3700	4	4	2.83	1	0:00:14.602048
3720	7	7	2.83	1	0:00:14.471627
3740	3	3	2.83	1	0:00:14.626056
3760	9	9	2.83	1	0:00:14.461560
3780	4	6	2.83	0	0:00:14.689929
3800	6	6	2.83	1	0:00:14.621666
3820	9	9	2.83	1	0:00:14.468323
3840	9	9	2.83	1	0:00:14.260482
3860	5	5	2.83	1	0:00:14.592927
3880	8	8	2.83	1	0:00:14.323958
3900	1	1	2.83	1	0:00:14.515981
3920	7	7	2.83	1	0:00:14.516578
3940	0	0	2.83	1	0:00:14.438982
3960	5	5	2.83	1	0:00:14.473669
3980	0	0	2.83	1	0:00:14.349621
4000	9	9	2.83	1	0:00:14.511708
4020	8	8	2.83	1	0:00:14.448878
4040	9	9	2.83	1	0:00:14.948966
4060	4	4	2.83	1	0:00:14.440210
4080	0	0	2.83	1	0:00:14.463490
4100	2	2	2.83	1	0:00:14.667509
4120	3	3	2.83	1	0:00:14.809359
4140	8	8	2.83	1	0:00:14.468322
4160	6	6	2.83	1	0:00:14.267463
4180	2	2	2.83	1	0:00:14.769665
4200	7	7	2.83	1	0:00:14.684918
4220	3	3	2.83	1	0:00:14.672625
4240	9	9	2.83	1	0:00:14.466158
4260	2	2	2.83	1	0:00:14.496895
4280	9	9	2.83	1	0:00:14.399460
4300	5	8	2.17	0	0:00:14.238780
4320	0	0	2.83	1	0:00:14.609976
4340	5	5	2.83	1	0:00:14.821887
4360	5	-1	0.0	0	0:00:14.486153
4380	8	8	2.83	1	0:00:14.377599
4400	7	7	2.17	1	0:00:14.251356
4420	5	5	2.83	1	0:00:15.049964
4440	5	5	2.83	1	0:00:14.607421
4460	7	7	2.8	1	0:00:14.649712
4480	9	9	2.83	1	0:00:14.542612
4500	9	9	2.75	1	0:00:14.700495
4520	5	5	2.83	1	0:00:14.622035
4540	7	7	2.27	1	0:00:14.664951
4560	9	9	2.83	1	0:00:14.523070
4580	1	1	2.83	1	0:00:14.670320
4600	3	3	2.83	1	0:00:14.454335
4620	6	6	2.83	1	0:00:14.562061
4640	8	8	2.82	1	0:00:14.660960
4660	7	7	2.83	1	0:00:14.576210
4680	6	6	2.83	1	0:00:14.713709
4700	9	9	2.83	1	0:00:14.552346
4720	0	0	2.83	1	0:00:14.435327
4740	3	-1	0.0	0	0:00:14.568523
4760	7	7	2.83	1	0:00:14.260614
4780	0	0	2.83	1	0:00:14.598989
4800	7	7	2.83	1	0:00:14.422501
4820	8	8	2.83	1	0:00:14.494564
4840	9	9	2.83	1	0:00:14.469230
4860	4	4	2.83	1	0:00:14.693491
4880	0	6	1.41	0	0:00:14.882355
4900	7	7	2.82	1	0:00:14.747962
4920	2	2	2.83	1	0:00:14.456430
4940	3	3	2.83	1	0:00:14.315171
4960	8	8	2.83	1	0:00:14.565320
4980	6	6	2.83	1	0:00:14.294806
5000	3	3	2.83	1	0:00:14.540278
5020	5	5	2.83	1	0:00:14.512710
5040	7	7	2.83	1	0:00:14.365979
5060	9	9	2.83	1	0:00:14.538143
5080	9	9	2.83	1	0:00:14.205719
5100	9	9	2.83	1	0:00:14.557924
5120	2	2	2.83	1	0:00:14.519027
5140	3	5	2.43	0	0:00:14.701099
5160	5	5	2.83	1	0:00:14.893894
5180	7	7	2.83	1	0:00:14.984386
5200	4	4	2.83	1	0:00:14.607220
5220	9	9	2.83	1	0:00:14.420076
5240	7	7	2.83	1	0:00:14.688358
5260	4	4	2.83	1	0:00:14.674206
5280	0	0	2.83	1	0:00:14.906174
5300	8	8	2.83	1	0:00:14.541255
5320	0	0	2.83	1	0:00:14.848517
5340	2	2	2.83	1	0:00:14.379847
5360	8	8	2.83	1	0:00:14.540124
5380	8	8	2.83	1	0:00:14.413476
5400	5	5	2.83	1	0:00:14.471612
5420	5	5	2.83	1	0:00:14.601606
5440	4	4	2.83	1	0:00:14.448114
5460	1	1	2.83	1	0:00:14.393436
5480	5	5	2.83	1	0:00:14.290445
5500	4	4	2.83	1	0:00:14.503164
5520	1	1	2.83	1	0:00:14.829598
5540	7	7	2.83	1	0:00:14.754711
5560	7	7	2.83	1	0:00:14.407282
5580	9	9	2.83	1	0:00:14.358014
5600	7	7	1.78	1	0:00:14.868148
5620	7	9	2.07	0	0:00:14.726407
5640	7	7	2.83	1	0:00:14.559871
5660	6	6	2.83	1	0:00:14.631710
5680	8	8	2.83	1	0:00:14.554157
5700	3	3	2.83	1	0:00:14.681213
5720	4	4	2.83	1	0:00:14.724340
5740	3	3	2.83	1	0:00:14.650933
5760	3	3	2.83	1	0:00:14.765949
5780	3	3	2.83	1	0:00:14.664639
5800	9	9	2.83	1	0:00:14.697897
5820	2	2	2.83	1	0:00:14.656818
5840	2	2	2.83	1	0:00:14.574957
5860	3	3	2.83	1	0:00:14.405183
5880	1	1	2.83	1	0:00:14.626845
5900	4	4	2.83	1	0:00:14.653467
5920	6	6	2.83	1	0:00:14.540879
5940	8	8	2.83	1	0:00:14.530092
5960	8	8	2.83	1	0:00:14.698008
5980	0	0	2.83	1	0:00:14.553863
6000	9	9	2.83	1	0:00:14.309243
6020	6	6	2.83	1	0:00:14.206648
6040	0	0	2.83	1	0:00:15.002875
6060	1	1	2.83	1	0:00:14.138347
6080	8	8	2.83	1	0:00:14.570826
6100	4	4	2.83	1	0:00:13.781070
6120	5	5	2.83	1	0:00:14.529332
6140	0	0	2.83	1	0:00:14.154389
6160	3	3	1.93	1	0:00:14.051584
6180	2	2	2.83	1	0:00:14.007048
6200	9	9	2.83	1	0:00:14.056658
6220	4	4	2.83	1	0:00:14.351616
6240	2	2	2.83	1	0:00:13.982072
6260	3	3	2.83	1	0:00:14.242227
6280	0	0	2.83	1	0:00:14.495649
6300	4	4	2.83	1	0:00:14.098507
6320	1	1	2.83	1	0:00:14.426241
6340	2	2	2.83	1	0:00:14.260305
6360	7	7	2.83	1	0:00:14.381997
6380	7	7	2.83	1	0:00:14.361632
6400	0	0	1.39	1	0:00:14.399725
6420	9	9	2.83	1	0:00:14.353036
6440	3	3	2.83	1	0:00:14.371296
6460	4	4	2.83	1	0:00:14.494362
6480	2	2	1.85	1	0:00:14.491117
6500	5	5	2.83	1	0:00:14.317322
6520	9	9	2.83	1	0:00:14.202475
6540	1	1	2.83	1	0:00:14.155535
6560	9	9	2.16	1	0:00:14.645469
6580	0	0	2.83	1	0:00:14.126160
6600	5	5	2.83	1	0:00:14.329518
6620	5	5	2.83	1	0:00:14.439951
6640	7	7	2.83	1	0:00:14.320804
6660	4	4	2.83	1	0:00:14.285222
6680	1	1	2.83	1	0:00:14.291818
6700	4	4	2.83	1	0:00:14.083019
6720	1	1	2.83	1	0:00:14.495823
6740	9	9	2.47	1	0:00:14.148644
6760	0	0	2.83	1	0:00:14.261327
6780	4	4	2.83	1	0:00:14.562104
6800	2	2	2.83	1	0:00:14.095459
6820	2	2	2.83	1	0:00:14.147725
6840	3	3	2.83	1	0:00:13.954041
6860	5	5	2.83	1	0:00:14.255254
6880	5	5	2.83	1	0:00:13.953727
6900	6	6	2.83	1	0:00:14.309554
6920	2	2	2.83	1	0:00:14.652941
6940	3	3	2.83	1	0:00:14.613204
6960	7	7	2.83	1	0:00:14.381537
6980	9	9	2.83	1	0:00:14.341165
7000	1	1	2.83	1	0:00:14.558485
7020	6	6	2.83	1	0:00:14.197112
7040	3	3	2.83	1	0:00:14.264112
7060	8	8	2.83	1	0:00:14.178821
7080	8	8	2.83	1	0:00:14.296203
7100	2	2	2.83	1	0:00:14.203489
7120	2	2	2.83	1	0:00:14.041136
7140	3	3	2.83	1	0:00:14.167585
7160	5	5	2.83	1	0:00:14.363500
7180	7	7	2.83	1	0:00:14.306722
7200	8	8	2.83	1	0:00:14.785846
7220	8	8	2.8	1	0:00:14.313529
7240	5	5	2.83	1	0:00:14.002897
7260	7	7	2.83	1	0:00:14.181753
7280	1	1	2.83	1	0:00:14.251691
7300	7	7	2.83	1	0:00:14.091280
7320	7	7	2.83	1	0:00:14.307440
7340	1	1	2.83	1	0:00:13.923878
7360	9	9	2.83	1	0:00:14.048954
7380	9	9	2.83	1	0:00:14.051523
7400	2	2	2.83	1	0:00:13.796529
7420	2	2	2.83	1	0:00:14.186235
7440	0	0	2.83	1	0:00:14.300740
7460	7	7	2.83	1	0:00:14.106573
7480	1	1	2.83	1	0:00:13.775732
7500	8	8	2.83	1	0:00:14.190038
7520	4	4	2.83	1	0:00:13.849640
7540	6	6	2.83	1	0:00:13.586128
7560	4	4	2.83	1	0:00:13.890166
7580	9	9	2.83	1	0:00:13.692343
7600	1	1	2.83	1	0:00:13.861449
7620	3	3	2.83	1	0:00:14.011708
7640	9	9	2.83	1	0:00:14.364570
7660	8	8	2.83	1	0:00:13.831224
7680	9	9	2.83	1	0:00:13.763681
7700	9	9	2.83	1	0:00:14.108692
7720	8	8	2.83	1	0:00:13.854150
7740	3	3	2.83	1	0:00:14.010448
7760	7	7	2.83	1	0:00:14.452158
7780	0	0	2.83	1	0:00:14.227865
7800	3	2	0.863	0	0:00:14.121603
7820	0	0	2.83	1	0:00:13.840344
7840	2	2	2.83	1	0:00:14.080093
7860	6	6	2.83	1	0:00:13.949479
7880	6	6	2.83	1	0:00:14.158694
7900	1	1	2.83	1	0:00:13.911484
7920	1	1	2.79	1	0:00:13.709845
7940	7	7	2.83	1	0:00:13.954350
7960	7	7	2.83	1	0:00:13.985217
7980	1	1	2.83	1	0:00:13.898996
8000	4	4	2.83	1	0:00:13.939387
8020	1	8	2.83	0	0:00:13.801315
8040	6	6	2.83	1	0:00:13.923866
8060	3	3	2.83	1	0:00:13.511419
8080	3	3	2.83	1	0:00:14.544291
8100	1	1	2.83	1	0:00:14.362228
8120	3	3	2.83	1	0:00:14.425047
8140	3	3	2.83	1	0:00:13.783668
8160	5	5	2.83	1	0:00:13.224959
8180	5	5	2.83	1	0:00:13.216199
8200	6	6	2.83	1	0:00:13.339559
8220	4	4	2.83	1	0:00:13.696691
8240	6	6	2.83	1	0:00:13.471753
8260	0	0	2.83	1	0:00:13.569495
8280	4	4	2.83	1	0:00:13.585176
8300	8	8	2.83	1	0:00:13.652166
8320	2	2	2.83	1	0:00:13.561590
8340	1	1	2.83	1	0:00:13.582516
8360	1	1	2.83	1	0:00:13.550946
8380	6	6	2.83	1	0:00:13.476072
8400	4	4	2.83	1	0:00:13.584890
8420	1	1	2.83	1	0:00:14.440020
8440	8	8	2.83	1	0:00:14.254738
8460	2	2	2.83	1	0:00:13.980909
8480	7	7	2.83	1	0:00:15.036984
8500	4	4	2.83	1	0:00:13.499442
8520	4	9	2.82	0	0:00:13.663937
8540	1	1	2.83	1	0:00:13.575918
8560	2	2	2.83	1	0:00:13.614602
8580	6	6	2.83	1	0:00:13.796129
8600	1	1	2.83	1	0:00:13.785478
8620	7	7	2.83	1	0:00:13.974659
8640	9	9	2.83	1	0:00:13.686270
8660	3	3	2.83	1	0:00:13.651741
8680	9	9	2.83	1	0:00:13.853403
8700	9	9	2.83	1	0:00:13.576811
8720	1	1	2.83	1	0:00:13.693398
8740	1	1	2.83	1	0:00:13.796805
8760	6	6	2.83	1	0:00:13.674186
8780	3	3	2.83	1	0:00:13.564269
8800	2	2	2.83	1	0:00:14.382764
8820	2	2	2.83	1	0:00:13.842744
8840	3	3	2.83	1	0:00:14.037943
8860	3	3	2.83	1	0:00:13.885951
8880	2	2	2.83	1	0:00:14.715050
8900	9	9	2.83	1	0:00:13.273061
8920	9	9	2.83	1	0:00:14.458790
8940	5	5	2.83	1	0:00:13.939780
8960	4	4	2.83	1	0:00:13.767371
8980	1	1	2.83	1	0:00:13.661898
9000	7	7	2.83	1	0:00:13.741018
9020	8	8	2.83	1	0:00:13.346302
9040	6	6	2.83	1	0:00:13.540103
9060	0	0	2.83	1	0:00:14.164748
9080	0	0	2.83	1	0:00:13.425738
9100	3	3	2.83	1	0:00:13.675835
9120	1	1	2.83	1	0:00:14.087188
9140	1	1	2.83	1	0:00:13.465272
9160	5	5	2.83	1	0:00:14.140748
9180	1	1	2.83	1	0:00:13.515425
9200	1	1	2.83	1	0:00:13.933295
9220	0	0	2.83	1	0:00:14.470727
9240	6	6	2.83	1	0:00:13.184674
9260	5	5	2.83	1	0:00:13.368967
9280	8	5	2.83	0	0:00:13.919899
9300	7	7	2.83	1	0:00:14.471031
9320	4	4	2.83	1	0:00:13.327611
9340	7	7	2.83	1	0:00:13.802811
9360	5	5	2.83	1	0:00:14.096245
9380	3	3	2.83	1	0:00:13.293909
9400	5	5	2.83	1	0:00:13.320313
9420	8	8	2.83	1	0:00:13.415175
9440	0	0	2.83	1	0:00:13.314412
9460	3	3	2.83	1	0:00:14.801377
9480	2	2	2.83	1	0:00:14.291883
9500	2	2	2.34	1	0:00:13.373945
9520	1	1	2.83	1	0:00:14.203282
9540	1	1	2.83	1	0:00:13.593720
9560	7	7	2.83	1	0:00:13.982729
9580	9	9	2.83	1	0:00:13.420828
9600	5	5	2.83	1	0:00:13.565261
9620	9	9	0.997	1	0:00:13.941123
9640	7	7	2.83	1	0:00:14.452177
9660	7	7	2.83	1	0:00:13.463992
9680	3	3	2.83	1	0:00:13.165768
9700	2	-1	0.0	0	0:00:13.929938
9720	6	6	2.83	1	0:00:13.587504
9740	9	9	2.83	1	0:00:14.438036
9760	1	1	2.83	1	0:00:13.819219
9780	8	8	2.82	1	0:00:13.259020
9800	0	0	2.83	1	0:00:13.918477
9820	2	2	2.83	1	0:00:13.817777
9840	3	3	1.32	1	0:00:13.511959
9860	3	3	2.83	1	0:00:13.251229
9880	2	2	2.83	1	0:00:13.311820
9900	8	8	2.83	1	0:00:14.003900
9920	8	8	2.83	1	0:00:13.720969
9940	6	6	2.83	1	0:00:13.608420
9960	4	4	2.83	1	0:00:14.059187
9980	2	2	2.1	1	0:00:13.803006
