idx	label	predict	radius	correct	time
0	0	394	8.4	0	0:03:05.885802
100	2	2	36.4	1	0:03:01.540993
200	4	4	35.6	1	0:03:01.915320
300	6	6	36.4	1	0:03:01.575595
400	8	8	36.4	1	0:03:01.181290
500	10	10	36.4	1	0:03:00.624672
600	12	12	16.1	1	0:03:00.664944
700	14	14	36.4	1	0:03:01.045118
800	16	16	36.4	1	0:03:01.299470
900	18	18	10.5	1	0:03:00.345701
1000	20	20	36.4	1	0:03:00.678210
1100	22	23	2.9	0	0:03:01.397431
1200	24	24	36.4	1	0:03:01.747543
1300	26	26	24.0	1	0:03:01.857550
1400	28	28	26.4	1	0:03:01.591639
1500	30	30	36.4	1	0:03:02.427579
1600	32	26	29.7	0	0:03:00.739407
1700	34	34	8.75	1	0:03:01.645968
1800	36	35	26.4	0	0:03:01.210817
1900	38	38	36.4	1	0:03:01.007910
2000	40	46	4.12	0	0:03:01.315196
2100	42	43	14.8	0	0:03:01.515074
2200	44	44	36.4	1	0:03:02.168098
2300	46	40	36.4	0	0:03:02.225203
2400	48	48	11.6	1	0:03:01.542934
2500	50	50	36.4	1	0:03:01.556918
2600	52	52	36.4	1	0:03:00.651948
2700	54	57	36.4	0	0:03:01.224725
2800	56	56	29.7	1	0:03:01.744340
2900	58	58	9.37	1	0:03:02.270575
3000	60	-1	0.0	0	0:03:00.741882
3100	62	62	36.4	1	0:03:00.690025
3200	64	64	36.4	1	0:03:01.158414
3300	66	60	5.81	0	0:03:01.978210
3400	68	60	36.4	0	0:03:01.315045
3500	70	70	36.4	1	0:03:01.216436
3600	72	72	36.4	1	0:03:02.034713
3700	74	74	12.1	1	0:03:02.646005
3800	76	76	36.4	1	0:03:02.036443
3900	78	78	36.4	1	0:03:02.185433
4000	80	80	36.4	1	0:03:01.890377
4100	82	82	36.4	1	0:03:01.715975
4200	84	84	31.1	1	0:03:01.375287
4300	86	86	35.1	1	0:03:01.472094
4400	88	88	36.4	1	0:03:01.687894
4500	90	90	36.4	1	0:03:01.248167
4600	92	92	36.4	1	0:03:01.929841
4700	94	94	36.4	1	0:03:01.935491
4800	96	96	36.4	1	0:03:01.803270
4900	98	98	24.5	1	0:03:01.884885
5000	100	100	36.4	1	0:03:01.681982
5100	102	102	36.4	1	0:03:01.425465
5200	104	104	21.7	1	0:03:01.202140
5300	106	106	36.4	1	0:03:02.115516
5400	108	327	19.1	0	0:03:01.421258
5500	110	110	36.4	1	0:03:01.719439
5600	112	112	36.4	1	0:03:01.409273
5700	114	114	14.4	1	0:03:02.407684
5800	116	116	36.4	1	0:03:02.257451
5900	118	118	11.3	1	0:03:02.731280
6000	120	-1	0.0	0	0:03:01.837207
6100	122	122	36.4	1	0:03:02.597069
6200	124	124	8.0	1	0:03:01.944867
6300	126	126	34.1	1	0:03:02.110751
6400	128	128	28.1	1	0:03:01.706039
6500	130	130	36.4	1	0:03:01.474208
6600	132	132	36.4	1	0:03:00.440207
6700	134	975	16.4	0	0:03:00.525165
6800	136	136	36.4	1	0:03:01.544064
6900	138	138	0.618	1	0:03:00.642530
7000	140	140	36.4	1	0:03:02.626510
7100	142	142	36.4	1	0:03:02.101890
7200	144	144	35.6	1	0:03:01.774506
7300	146	146	23.4	1	0:03:01.252337
7400	148	148	36.4	1	0:03:01.177775
7500	150	36	14.6	0	0:03:01.675472
7600	152	152	36.4	1	0:03:01.317722
7700	154	154	28.0	1	0:03:01.906485
7800	156	156	36.4	1	0:03:02.190599
7900	158	158	35.6	1	0:03:02.076145
8000	160	160	36.4	1	0:03:01.588132
8100	162	162	36.4	1	0:03:01.718722
8200	164	164	36.4	1	0:03:01.352410
8300	166	166	34.1	1	0:03:02.419386
8400	168	184	2.27	0	0:03:02.082915
8500	170	172	15.2	0	0:03:01.349229
8600	172	172	18.9	1	0:03:02.053943
8700	174	174	32.5	1	0:03:01.539783
8800	176	176	31.9	1	0:03:01.894578
8900	178	178	36.4	1	0:03:01.982751
9000	180	243	29.4	0	0:03:00.801634
9100	182	182	9.03	1	0:03:02.081110
9200	184	-1	0.0	0	0:03:02.463367
9300	186	192	36.4	0	0:03:02.230200
9400	188	188	11.8	1	0:03:01.614569
9500	190	190	36.4	1	0:03:00.732832
9600	192	192	22.4	1	0:03:02.088635
9700	194	-1	0.0	0	0:03:01.616019
9800	196	199	35.6	0	0:03:01.470318
9900	198	198	36.4	1	0:03:02.146920
10000	200	200	36.4	1	0:03:01.456488
10100	202	202	36.4	1	0:03:01.583859
10200	204	204	36.4	1	0:03:02.539392
10300	206	206	36.4	1	0:03:01.594774
10400	208	208	21.2	1	0:03:01.779282
10500	210	210	36.4	1	0:03:02.137966
10600	212	212	34.4	1	0:03:01.478729
10700	214	214	36.4	1	0:03:02.303847
10800	216	216	36.4	1	0:03:02.402131
10900	218	218	36.4	1	0:03:01.776890
11000	220	220	36.4	1	0:03:01.934212
11100	222	222	23.2	1	0:03:01.394714
11200	224	255	5.77	0	0:03:02.340689
11300	226	226	36.4	1	0:03:02.765563
11400	228	228	36.4	1	0:03:01.580027
11500	230	230	10.1	1	0:03:01.924702
11600	232	232	36.4	1	0:03:02.369075
11700	234	234	36.4	1	0:03:01.855776
11800	236	234	1.55	0	0:03:02.185401
11900	238	238	36.4	1	0:03:01.956301
12000	240	238	36.4	0	0:03:00.647741
12100	242	242	36.4	1	0:03:01.908018
12200	244	244	36.4	1	0:03:01.053134
12300	246	251	2.57	0	0:03:01.175681
12400	248	248	20.6	1	0:03:02.013074
12500	250	169	0.928	0	0:03:01.632290
12600	252	252	36.4	1	0:03:01.665488
12700	254	254	36.4	1	0:03:01.589755
12800	256	256	36.4	1	0:03:02.057523
12900	258	258	17.7	1	0:03:01.811787
13000	260	260	36.4	1	0:03:01.459962
13100	262	262	36.4	1	0:03:01.419910
13200	264	264	36.4	1	0:03:00.066156
13300	266	266	30.1	1	0:03:00.701011
13400	268	268	36.4	1	0:03:02.134931
13500	270	270	36.4	1	0:03:01.690573
13600	272	274	36.4	0	0:03:01.429961
13700	274	274	36.4	1	0:03:02.837783
13800	276	276	36.4	1	0:03:01.487271
13900	278	278	27.3	1	0:03:01.825153
14000	280	280	36.4	1	0:03:01.696037
14100	282	282	36.4	1	0:03:01.683843
14200	284	284	36.4	1	0:03:01.915958
14300	286	286	36.4	1	0:03:02.586170
14400	288	290	21.8	0	0:03:02.150308
14500	290	290	36.4	1	0:03:01.299758
14600	292	290	36.4	0	0:03:01.397045
14700	294	294	36.4	1	0:03:01.888124
14800	296	296	36.4	1	0:03:02.244106
14900	298	298	1.6	1	0:03:02.434003
15000	300	300	36.4	1	0:03:02.126277
15100	302	302	17.9	1	0:03:01.092851
15200	304	301	36.4	0	0:03:02.677505
15300	306	306	36.4	1	0:03:01.368544
15400	308	308	29.3	1	0:03:00.446163
15500	310	310	36.4	1	0:03:02.227638
15600	312	312	13.2	1	0:03:02.495673
15700	314	314	36.4	1	0:03:00.969761
15800	316	316	36.4	1	0:03:01.233013
15900	318	318	27.1	1	0:03:01.488119
16000	320	320	36.4	1	0:03:01.392743
16100	322	322	30.0	1	0:03:01.438744
16200	324	324	36.4	1	0:03:02.607363
16300	326	326	2.06	1	0:03:01.703094
16400	328	328	36.4	1	0:03:00.960722
16500	330	330	14.0	1	0:03:01.808371
16600	332	332	34.4	1	0:03:01.239914
16700	334	334	36.4	1	0:03:02.096875
16800	336	336	20.5	1	0:03:01.862509
16900	338	617	30.4	0	0:03:02.905620
17000	340	340	36.4	1	0:03:00.996093
17100	342	269	7.29	0	0:03:02.170352
17200	344	344	36.4	1	0:03:01.730961
17300	346	346	6.59	1	0:03:01.406260
17400	348	348	31.6	1	0:03:01.884699
17500	350	350	36.4	1	0:03:01.929713
17600	352	352	36.4	1	0:03:01.425555
17700	354	354	36.4	1	0:03:01.353072
17800	356	358	10.1	0	0:03:01.900002
17900	358	358	8.09	1	0:03:02.695078
18000	360	360	36.4	1	0:03:01.537252
18100	362	362	36.4	1	0:03:01.089303
18200	364	364	36.4	1	0:03:01.219837
18300	366	366	34.4	1	0:03:02.377413
18400	368	368	36.4	1	0:03:02.613007
18500	370	370	36.4	1	0:03:01.386595
18600	372	372	17.6	1	0:03:01.867314
18700	374	374	4.6	1	0:03:01.961633
18800	376	376	15.7	1	0:03:02.306103
18900	378	378	23.8	1	0:03:02.531370
19000	380	380	36.4	1	0:03:02.430430
19100	382	382	36.4	1	0:03:01.059727
19200	384	384	26.1	1	0:03:01.594324
19300	386	101	16.3	0	0:03:01.875825
19400	388	388	15.8	1	0:03:01.723205
19500	390	390	36.4	1	0:03:02.200010
19600	392	115	3.44	0	0:03:02.049530
19700	394	-1	0.0	0	0:03:01.812788
19800	396	396	36.4	1	0:03:01.979450
19900	398	398	23.4	1	0:03:02.308028
20000	400	400	8.41	1	0:03:01.271623
20100	402	402	22.0	1	0:03:01.200123
20200	404	404	31.9	1	0:03:01.472587
20300	406	406	36.4	1	0:03:01.881406
20400	408	847	6.2	0	0:03:01.962098
20500	410	410	7.2	1	0:03:02.444272
20600	412	412	13.4	1	0:03:01.427922
20700	414	414	4.85	1	0:03:02.401443
20800	416	416	36.4	1	0:03:02.166253
20900	418	767	36.4	0	0:03:01.707267
21000	420	-1	0.0	0	0:03:02.131117
21100	422	422	30.2	1	0:03:02.394135
21200	424	424	18.7	1	0:03:02.039189
21300	426	426	36.4	1	0:03:01.680158
21400	428	428	36.4	1	0:03:02.039590
21500	430	430	36.4	1	0:03:02.127036
21600	432	432	36.4	1	0:03:00.685661
21700	434	434	19.0	1	0:03:01.787632
21800	436	436	36.4	1	0:03:01.495157
21900	438	647	19.0	0	0:03:02.359936
22000	440	737	24.8	0	0:03:01.459230
22100	442	442	36.4	1	0:03:00.976735
22200	444	870	4.4	0	0:03:01.855746
22300	446	446	36.4	1	0:03:01.953535
22400	448	-1	0.0	0	0:03:01.862975
22500	450	802	4.77	0	0:03:01.129277
22600	452	452	36.4	1	0:03:02.933402
22700	454	454	5.06	1	0:03:01.628275
22800	456	456	16.0	1	0:03:01.854610
22900	458	458	36.4	1	0:03:01.442300
23000	460	978	21.5	0	0:03:02.518654
23100	462	462	36.4	1	0:03:01.691410
23200	464	635	15.2	0	0:03:00.684006
23300	466	466	36.4	1	0:03:01.400971
23400	468	468	36.4	1	0:03:02.596529
23500	470	919	0.228	0	0:03:01.518568
23600	472	472	36.4	1	0:03:00.990779
23700	474	735	6.19	0	0:03:03.108436
23800	476	476	36.4	1	0:03:03.197904
23900	478	478	36.4	1	0:03:01.777637
24000	480	582	11.6	0	0:03:02.591042
24100	482	481	25.0	0	0:03:01.676547
24200	484	484	23.2	1	0:03:02.131055
24300	486	889	5.21	0	0:03:02.140612
24400	488	488	20.1	1	0:03:03.147228
24500	490	490	36.4	1	0:03:01.027428
24600	492	642	5.32	0	0:03:01.890395
24700	494	729	2.31	0	0:03:01.623726
24800	496	496	36.4	1	0:03:01.788368
24900	498	498	35.6	1	0:03:01.651697
25000	500	500	36.4	1	0:03:02.165930
25100	502	502	36.4	1	0:03:01.898193
25200	504	504	16.9	1	0:03:02.357075
25300	506	506	6.69	1	0:03:02.221844
25400	508	508	36.4	1	0:03:01.756593
25500	510	510	36.4	1	0:03:02.100408
25600	512	764	6.51	0	0:03:02.456926
25700	514	514	36.4	1	0:03:01.339351
25800	516	520	8.51	0	0:03:01.419270
25900	518	518	36.4	1	0:03:00.982017
26000	520	520	36.4	1	0:03:02.190296
26100	522	522	27.4	1	0:03:02.208838
26200	524	461	24.8	0	0:03:01.597290
26300	526	664	7.6	0	0:03:01.788341
26400	528	532	29.6	0	0:03:02.004913
26500	530	531	2.13	0	0:03:01.607671
26600	532	532	36.4	1	0:03:01.630906
26700	534	697	5.02	0	0:03:02.156527
26800	536	536	10.4	1	0:03:01.720082
26900	538	538	36.4	1	0:03:01.328316
27000	540	540	36.4	1	0:03:01.273894
27100	542	477	8.8	0	0:03:02.163233
27200	544	909	1.18	0	0:03:02.883903
27300	546	546	36.4	1	0:03:01.822511
27400	548	548	36.4	1	0:03:02.041941
27500	550	505	3.05	0	0:03:02.101568
27600	552	552	36.4	1	0:03:01.553627
27700	554	554	36.4	1	0:03:01.736602
27800	556	703	5.49	0	0:03:01.428800
27900	558	251	36.4	0	0:03:02.046451
28000	560	560	35.1	1	0:03:01.689257
28100	562	562	36.4	1	0:03:02.582453
28200	564	564	34.7	1	0:03:02.243706
28300	566	566	36.4	1	0:03:02.040479
28400	568	568	36.4	1	0:03:01.971239
28500	570	-1	0.0	0	0:03:02.789142
28600	572	406	4.41	0	0:03:02.358867
28700	574	574	36.4	1	0:03:01.194023
28800	576	-1	0.0	0	0:03:00.806107
28900	578	578	30.5	1	0:03:01.429207
29000	580	738	33.8	0	0:03:02.284373
29100	582	778	2.35	0	0:03:01.895430
29200	584	584	8.06	1	0:03:02.017827
29300	586	586	36.4	1	0:03:01.713684
29400	588	588	36.4	1	0:03:00.512334
29500	590	590	4.68	1	0:03:00.551882
29600	592	592	36.4	1	0:03:01.843023
29700	594	594	32.7	1	0:03:01.123082
29800	596	-1	0.0	0	0:03:01.249620
29900	598	527	14.7	0	0:03:02.025962
30000	600	600	6.76	1	0:03:01.487339
30100	602	602	36.4	1	0:03:00.917425
30200	604	604	36.4	1	0:03:01.686407
30300	606	606	36.4	1	0:03:00.342458
30400	608	411	25.2	0	0:03:01.883279
30500	610	610	5.09	1	0:03:01.406294
30600	612	612	36.4	1	0:03:01.616027
30700	614	614	36.4	1	0:03:01.692624
30800	616	-1	0.0	0	0:03:02.947685
30900	618	647	15.7	0	0:03:02.296465
31000	620	681	21.9	0	0:03:01.892160
31100	622	622	36.4	1	0:02:59.455984
31200	624	453	17.6	0	0:03:02.494918
31300	626	626	3.04	1	0:03:00.935354
31400	628	628	8.26	1	0:03:01.996181
31500	630	703	27.7	0	0:03:01.399312
31600	632	632	36.4	1	0:03:00.674090
31700	634	489	36.4	0	0:03:02.374422
31800	636	636	12.2	1	0:03:01.875095
31900	638	638	36.4	1	0:03:01.998157
32000	640	640	36.4	1	0:03:01.571505
32100	642	642	36.4	1	0:03:01.595915
32200	644	644	36.4	1	0:03:03.013475
32300	646	646	36.4	1	0:03:00.167168
32400	648	493	8.24	0	0:03:00.995756
32500	650	819	10.1	0	0:03:02.540031
32600	652	652	36.4	1	0:03:01.255667
32700	654	654	9.17	1	0:03:01.700626
32800	656	656	23.3	1	0:03:02.556125
32900	658	658	36.4	1	0:03:00.480416
33000	660	660	11.2	1	0:03:01.773130
33100	662	662	36.4	1	0:03:01.523743
33200	664	851	28.6	0	0:03:02.873039
33300	666	666	36.4	1	0:02:59.100781
33400	668	668	36.4	1	0:03:02.097163
33500	670	670	36.4	1	0:03:02.241422
33600	672	672	36.4	1	0:03:00.032783
33700	674	674	36.4	1	0:03:02.720219
33800	676	560	2.48	0	0:03:02.496001
33900	678	678	36.4	1	0:03:01.889654
34000	680	680	36.4	1	0:03:01.340758
34100	682	682	36.4	1	0:03:01.112933
34200	684	684	32.4	1	0:03:02.173335
34300	686	447	0.437	0	0:03:01.945367
34400	688	688	36.4	1	0:03:01.369188
34500	690	690	36.4	1	0:03:01.842532
34600	692	692	32.4	1	0:03:01.252698
34700	694	694	36.4	1	0:03:01.735435
34800	696	-1	0.0	0	0:03:01.534756
34900	698	698	8.99	1	0:03:02.635798
35000	700	700	36.4	1	0:03:00.936800
35100	702	422	20.8	0	0:03:02.146222
35200	704	704	15.7	1	0:03:01.195278
35300	706	762	16.7	0	0:03:01.935260
35400	708	708	3.82	1	0:03:01.434196
35500	710	804	15.5	0	0:03:01.747560
35600	712	622	9.68	0	0:03:02.039880
35700	714	714	21.9	1	0:03:02.193683
35800	716	716	36.4	1	0:03:00.833742
35900	718	449	36.4	0	0:03:00.577977
36000	720	948	0.73	0	0:03:02.484174
36100	722	722	33.8	1	0:03:02.006266
36200	724	780	36.4	0	0:03:01.996060
36300	726	726	36.4	1	0:03:02.238539
36400	728	529	1.29	0	0:03:01.657171
36500	730	856	1.38	0	0:03:01.429543
36600	732	732	36.4	1	0:03:01.722297
36700	734	734	36.4	1	0:03:02.112939
36800	736	736	36.4	1	0:03:01.610957
36900	738	738	16.2	1	0:03:02.467118
37000	740	-1	0.0	0	0:03:01.758687
37100	742	766	11.9	0	0:03:02.200082
37200	744	744	29.7	1	0:03:01.997970
37300	746	746	36.4	1	0:03:02.630575
37400	748	748	36.4	1	0:03:01.425546
37500	750	208	18.8	0	0:03:01.726235
37600	752	499	3.1	0	0:03:02.102103
37700	754	754	4.92	1	0:03:01.009073
37800	756	756	9.45	1	0:03:00.410742
37900	758	758	28.1	1	0:03:02.281596
38000	760	-1	0.0	0	0:03:01.985696
38100	762	762	5.54	1	0:03:02.210058
38200	764	819	16.6	0	0:03:02.090457
38300	766	766	30.4	1	0:03:02.009879
38400	768	768	33.2	1	0:03:01.186238
38500	770	770	20.5	1	0:03:02.184108
38600	772	772	34.7	1	0:03:01.702081
38700	774	774	15.6	1	0:03:01.951839
38800	776	875	12.6	0	0:03:02.049097
38900	778	-1	0.0	0	0:03:01.930476
39000	780	914	12.3	0	0:03:01.428026
39100	782	851	27.6	0	0:03:00.773067
39200	784	550	16.2	0	0:03:01.607466
39300	786	424	1.06	0	0:03:01.373880
39400	788	788	36.4	1	0:03:02.071679
39500	790	790	12.3	1	0:03:00.320692
39600	792	792	14.0	1	0:03:01.313898
39700	794	794	36.4	1	0:03:02.459257
39800	796	796	36.4	1	0:03:02.442371
39900	798	798	36.4	1	0:03:00.564718
40000	800	800	36.4	1	0:03:02.243194
40100	802	802	36.4	1	0:03:02.040998
40200	804	804	13.5	1	0:03:01.745943
40300	806	806	36.4	1	0:03:02.164356
40400	808	808	36.4	1	0:03:01.550379
40500	810	810	33.4	1	0:03:01.209808
40600	812	812	36.4	1	0:03:01.640202
40700	814	-1	0.0	0	0:03:00.980225
40800	816	816	36.4	1	0:03:01.219157
40900	818	-1	0.0	0	0:03:02.418189
41000	820	820	36.4	1	0:03:01.617819
41100	822	822	31.8	1	0:03:02.325063
41200	824	824	36.4	1	0:03:01.920193
41300	826	531	13.9	0	0:03:01.783945
41400	828	633	31.7	0	0:03:02.522014
41500	830	830	34.4	1	0:03:02.438539
41600	832	832	36.4	1	0:03:02.256780
41700	834	834	1.66	1	0:03:02.162770
41800	836	-1	0.0	0	0:03:01.613882
41900	838	838	14.3	1	0:03:02.540148
42000	840	840	30.6	1	0:03:01.144933
42100	842	842	27.8	1	0:03:01.228114
42200	844	844	36.4	1	0:03:01.978800
42300	846	583	4.95	0	0:03:01.427840
42400	848	-1	0.0	0	0:03:01.757903
42500	850	850	32.1	1	0:03:01.954062
42600	852	852	36.4	1	0:03:00.835364
42700	854	854	36.4	1	0:03:01.329224
42800	856	856	9.23	1	0:03:01.369371
42900	858	858	5.35	1	0:03:01.466408
43000	860	409	9.52	0	0:03:00.231067
43100	862	862	21.1	1	0:03:02.558423
43200	864	864	5.66	1	0:03:02.658928
43300	866	866	12.8	1	0:03:02.273379
43400	868	967	16.8	0	0:03:01.765902
43500	870	870	33.2	1	0:03:01.872843
43600	872	840	36.4	0	0:03:01.506226
43700	874	874	36.4	1	0:03:01.293746
43800	876	876	6.63	1	0:02:59.191315
43900	878	810	5.8	0	0:02:58.431006
44000	880	880	4.86	1	0:02:59.904850
44100	882	882	8.68	1	0:03:00.120754
44200	884	884	36.4	1	0:02:59.621211
44300	886	886	26.7	1	0:02:59.491146
44400	888	718	36.4	0	0:02:59.314397
44500	890	890	13.0	1	0:02:59.743821
44600	892	442	35.6	0	0:03:00.177344
44700	894	894	36.4	1	0:02:59.326125
44800	896	896	36.4	1	0:02:59.821319
44900	898	707	2.75	0	0:02:59.903024
45000	900	900	36.4	1	0:02:58.907817
45100	902	902	36.4	1	0:02:59.479008
45200	904	905	4.66	0	0:02:58.949318
45300	906	906	29.8	1	0:03:00.180455
45400	908	895	36.4	0	0:02:59.276780
45500	910	641	36.4	0	0:02:59.786054
45600	912	912	36.4	1	0:02:59.851501
45700	914	914	33.4	1	0:02:59.554512
45800	916	916	36.4	1	0:02:58.463718
45900	918	918	36.4	1	0:02:58.349830
46000	920	607	7.78	0	0:02:58.453348
46100	922	922	31.9	1	0:02:57.338619
46200	924	924	36.4	1	0:02:57.009520
46300	926	926	36.4	1	0:02:57.259229
46400	928	928	2.97	1	0:02:57.253274
46500	930	930	36.4	1	0:02:56.730761
46600	932	932	36.4	1	0:02:57.734543
46700	934	934	12.9	1	0:02:58.540313
46800	936	936	36.4	1	0:02:58.394111
46900	938	938	36.4	1	0:04:09.557218
47000	940	943	15.2	0	0:05:47.093593
47100	942	942	36.4	1	0:05:46.880479
47200	944	946	36.4	0	0:05:47.357518
47300	946	946	36.4	1	0:05:47.624746
47400	948	948	36.4	1	0:05:47.315925
47500	950	950	13.2	1	0:05:47.208653
47600	952	90	36.4	0	0:05:45.521554
47700	954	954	36.4	1	0:05:45.618964
47800	956	956	36.4	1	0:05:45.348180
47900	958	663	1.86	0	0:05:44.620500
48000	960	960	28.4	1	0:05:45.851612
48100	962	962	36.4	1	0:05:47.030961
48200	964	964	15.7	1	0:05:46.516162
48300	966	502	2.51	0	0:05:45.305354
48400	968	968	4.84	1	0:05:45.773037
48500	970	795	32.3	0	0:05:45.638465
48600	972	979	36.4	0	0:05:45.867748
48700	974	974	36.4	1	0:05:45.373558
48800	976	972	10.3	0	0:05:45.203345
48900	978	701	0.545	0	0:05:45.596251
49000	980	980	36.4	1	0:05:45.319002
49100	982	982	36.4	1	0:05:46.316349
49200	984	984	36.4	1	0:05:45.199899
49300	986	986	36.4	1	0:05:45.694940
49400	988	988	36.4	1	0:05:46.808784
49500	990	990	36.4	1	0:05:46.527594
49600	992	992	36.4	1	0:05:44.974295
49700	994	994	36.4	1	0:05:45.438986
49800	996	996	36.4	1	0:05:45.151649
49900	998	987	36.4	0	0:05:43.918668
