idx	label	predict	radius	correct	time
0	3	3	38.1	1	0:00:26.448969
20	7	7	16.4	1	0:00:26.070174
40	4	4	21.2	1	0:00:25.910505
60	7	7	38.1	1	0:00:26.143260
80	8	8	38.1	1	0:00:25.751287
100	4	4	8.56	1	0:00:25.992522
120	8	8	38.1	1	0:00:25.909327
140	6	6	14.3	1	0:00:25.622259
160	2	2	15.7	1	0:00:25.890481
180	0	0	12.1	1	0:00:25.997538
200	5	5	29.0	1	0:00:25.943185
220	7	7	18.7	1	0:00:25.900399
240	1	1	38.1	1	0:00:26.447212
260	8	8	38.1	1	0:00:25.645725
280	9	9	38.1	1	0:00:25.637096
300	6	6	38.1	1	0:00:25.894870
320	3	3	38.1	1	0:00:25.715532
340	2	2	6.22	1	0:00:27.635082
360	9	9	38.1	1	0:00:25.754180
380	6	6	38.1	1	0:00:27.188857
400	9	9	27.8	1	0:00:27.153372
420	4	4	23.9	1	0:00:27.391411
440	1	1	38.1	1	0:00:26.581408
460	5	5	38.1	1	0:00:26.158482
480	8	8	3.11	1	0:00:26.024639
500	4	4	23.7	1	0:00:25.809636
520	5	7	5.82	0	0:00:25.814337
540	1	1	38.1	1	0:00:25.892941
560	0	0	38.1	1	0:00:25.926521
580	4	4	28.5	1	0:00:26.426168
600	8	8	38.1	1	0:00:25.985266
620	7	7	38.1	1	0:00:25.932688
640	5	5	16.7	1	0:00:25.799276
660	9	9	38.1	1	0:00:26.219293
680	9	1	2.49	0	0:00:27.310368
700	7	7	38.1	1	0:00:27.051947
720	4	4	16.0	1	0:00:27.224060
740	2	2	0.587	1	0:00:27.256183
760	3	3	38.1	1	0:00:27.450923
780	9	9	38.1	1	0:00:27.377505
800	7	7	38.1	1	0:00:27.535763
820	6	6	10.4	1	0:00:27.689788
840	7	7	38.1	1	0:00:27.587227
860	4	4	14.0	1	0:00:27.359074
880	8	8	29.8	1	0:00:26.521801
900	2	-1	0.0	0	0:00:27.421582
920	6	6	8.95	1	0:00:27.253961
940	9	9	38.1	1	0:00:27.032440
960	9	9	8.23	1	0:00:27.361002
980	2	2	25.9	1	0:00:27.384620
1000	5	5	20.9	1	0:00:27.567570
1020	1	1	38.1	1	0:00:27.407311
1040	7	5	2.47	0	0:00:27.399517
1060	9	9	38.1	1	0:00:28.007715
1080	6	6	28.2	1	0:00:27.566698
1100	7	-1	0.0	0	0:00:28.228853
1120	5	2	2.58	0	0:00:27.696306
1140	6	6	38.1	1	0:00:27.462131
1160	8	8	38.1	1	0:00:27.953521
1180	3	3	38.1	1	0:00:28.222842
1200	8	8	38.1	1	0:00:27.593711
1220	9	9	38.1	1	0:00:27.540589
1240	2	2	38.1	1	0:00:27.683265
1260	1	1	38.1	1	0:00:27.643403
1280	3	3	10.5	1	0:00:27.279806
1300	4	4	38.1	1	0:00:27.439409
1320	7	7	38.1	1	0:00:27.782105
1340	1	1	38.1	1	0:00:27.437304
1360	7	7	22.8	1	0:00:27.623708
1380	4	4	31.1	1	0:00:27.462945
1400	5	5	10.1	1	0:00:27.408427
1420	4	4	22.0	1	0:00:27.998097
1440	0	0	30.3	1	0:00:27.714231
1460	6	6	38.1	1	0:00:27.795667
1480	1	8	1.01	0	0:00:27.852947
1500	1	1	30.1	1	0:00:27.620595
1520	7	7	38.1	1	0:00:27.535725
1540	8	8	38.1	1	0:00:27.632450
1560	7	7	38.1	1	0:00:27.366578
1580	6	2	0.804	0	0:00:27.756531
1600	8	8	14.6	1	0:00:27.931006
1620	5	5	13.7	1	0:00:28.100380
1640	7	5	0.368	0	0:00:27.869805
1660	3	3	24.7	1	0:00:27.719968
1680	6	6	38.1	1	0:00:28.223573
1700	5	5	38.1	1	0:00:27.583434
1720	4	4	27.3	1	0:00:27.673368
1740	1	1	38.1	1	0:00:27.716296
1760	0	0	38.1	1	0:00:27.368985
1780	7	7	9.17	1	0:00:26.685212
1800	4	4	38.1	1	0:00:27.718109
1820	8	8	38.1	1	0:00:28.249426
1840	8	8	4.42	1	0:00:27.966961
1860	8	8	4.49	1	0:00:27.982434
1880	1	1	38.1	1	0:00:28.354361
1900	8	8	38.1	1	0:00:27.963982
1920	2	2	38.1	1	0:00:27.988400
1940	5	5	13.7	1	0:00:28.021731
1960	2	2	18.1	1	0:00:28.091691
1980	9	9	38.1	1	0:00:27.988736
2000	1	1	38.1	1	0:00:28.542648
2020	9	9	38.1	1	0:00:28.268122
2040	0	0	38.1	1	0:00:28.257296
2060	5	5	20.7	1	0:00:28.219754
2080	1	1	24.8	1	0:00:28.369209
2100	2	2	30.2	1	0:00:28.337790
2120	4	4	1.44	1	0:00:28.614354
2140	9	9	38.1	1	0:00:28.547296
2160	0	0	13.3	1	0:00:28.026376
2180	4	4	38.1	1	0:00:28.210510
2200	0	2	8.64	0	0:00:28.102768
2220	1	1	38.1	1	0:00:28.394771
2240	9	9	15.0	1	0:00:28.221438
2260	4	4	38.1	1	0:00:28.083906
2280	4	4	38.1	1	0:00:28.024257
2300	3	3	8.8	1	0:00:28.597721
2320	5	5	6.58	1	0:00:28.058860
2340	7	7	38.1	1	0:00:27.939951
2360	7	7	25.9	1	0:00:27.888017
2380	8	8	38.1	1	0:00:28.431955
2400	0	0	28.3	1	0:00:28.470304
2420	8	8	22.0	1	0:00:28.892378
2440	7	7	24.1	1	0:00:28.886327
2460	9	9	38.1	1	0:00:28.721034
2480	8	8	38.1	1	0:00:29.381280
2500	4	4	20.4	1	0:00:28.694160
2520	1	1	19.4	1	0:00:28.531658
2540	2	2	24.6	1	0:00:29.083135
2560	7	7	20.2	1	0:00:29.025819
2580	6	6	4.62	1	0:00:29.144659
2600	8	8	38.1	1	0:00:28.629127
2620	1	1	38.1	1	0:00:29.105325
2640	7	7	17.3	1	0:00:28.910510
2660	3	3	26.7	1	0:00:28.942952
2680	0	0	38.1	1	0:00:28.804103
2700	9	9	17.3	1	0:00:28.789362
2720	3	3	38.1	1	0:00:29.037435
2740	1	1	21.2	1	0:00:29.261250
2760	2	2	10.9	1	0:00:28.819439
2780	7	7	38.1	1	0:00:28.858325
2800	4	4	13.5	1	0:00:29.229955
2820	6	6	38.1	1	0:00:29.106029
2840	3	3	38.1	1	0:00:29.296091
2860	5	5	38.1	1	0:00:29.605908
2880	4	4	38.1	1	0:00:29.446468
2900	3	2	10.4	0	0:00:29.273576
2920	2	2	38.1	1	0:00:28.988908
2940	3	0	12.6	0	0:00:28.919274
2960	9	9	5.58	1	0:00:29.280873
2980	8	8	38.1	1	0:00:29.294468
3000	5	5	38.1	1	0:00:29.368252
3020	1	1	38.1	1	0:00:29.199000
3040	7	7	38.1	1	0:00:29.515713
3060	7	7	26.2	1	0:00:29.150714
3080	1	1	21.0	1	0:00:28.956316
3100	0	0	12.0	1	0:00:29.060210
3120	4	4	16.6	1	0:00:28.919282
3140	8	8	38.1	1	0:00:28.762163
3160	6	6	11.5	1	0:00:28.758220
3180	3	6	3.49	0	0:00:28.495659
3200	5	5	38.1	1	0:00:28.926058
3220	3	3	13.5	1	0:00:29.363645
3240	4	4	8.76	1	0:00:28.878981
3260	7	7	38.1	1	0:00:29.160842
3280	3	3	22.6	1	0:00:28.814843
3300	4	4	29.1	1	0:00:28.741450
3320	2	4	2.3	0	0:00:29.092072
3340	6	6	38.1	1	0:00:28.884193
3360	4	4	38.1	1	0:00:28.756841
3380	8	8	38.1	1	0:00:28.566297
3400	6	0	5.42	0	0:00:28.333652
3420	5	5	17.0	1	0:00:28.621692
3440	2	2	21.1	1	0:00:28.585859
3460	1	1	38.1	1	0:00:28.951847
3480	2	2	38.1	1	0:00:28.657921
3500	1	1	38.1	1	0:00:28.918362
3520	1	1	38.1	1	0:00:28.610317
3540	6	6	38.1	1	0:00:28.364489
3560	1	9	14.6	0	0:00:28.700907
3580	4	-1	0.0	0	0:00:28.435173
3600	4	3	19.2	0	0:00:28.622355
3620	0	0	17.7	1	0:00:28.795727
3640	6	6	18.5	1	0:00:28.249356
3660	0	0	38.1	1	0:00:28.802367
3680	0	0	16.2	1	0:00:28.721222
3700	3	3	38.1	1	0:00:29.050843
3720	2	2	38.1	1	0:00:29.222962
3740	0	0	38.1	1	0:00:29.037244
3760	7	7	38.1	1	0:00:28.281015
3780	4	4	21.3	1	0:00:28.858684
3800	9	9	38.1	1	0:00:28.990787
3820	0	0	31.2	1	0:00:29.041987
3840	6	3	5.42	0	0:00:28.758892
3860	7	7	38.1	1	0:00:28.807382
3880	6	6	38.1	1	0:00:28.946872
3900	3	3	18.4	1	0:00:29.260560
3920	7	7	11.6	1	0:00:29.122053
3940	6	6	31.0	1	0:00:28.853514
3960	2	2	26.3	1	0:00:29.060624
3980	9	2	8.7	0	0:00:29.000066
4000	8	2	3.54	0	0:00:28.471124
4020	8	0	17.0	0	0:00:28.703518
4040	0	0	25.9	1	0:00:28.848717
4060	6	6	38.1	1	0:00:28.777452
4080	1	1	38.1	1	0:00:29.201616
4100	7	7	38.1	1	0:00:28.984759
4120	4	4	38.1	1	0:00:28.884447
4140	5	3	5.55	0	0:00:29.070691
4160	5	5	38.1	1	0:00:28.922924
4180	0	0	11.0	1	0:00:29.151761
4200	4	4	38.1	1	0:00:29.672879
4220	4	4	18.3	1	0:00:29.154805
4240	7	7	29.8	1	0:00:28.837443
4260	8	8	38.1	1	0:00:28.634948
4280	8	8	38.1	1	0:00:29.030004
4300	8	8	38.1	1	0:00:28.619025
4320	1	9	2.56	0	0:00:29.181519
4340	0	0	38.1	1	0:00:28.869220
4360	6	6	13.0	1	0:00:29.079537
4380	9	9	38.1	1	0:00:29.095546
4400	3	3	20.9	1	0:00:28.957204
4420	5	5	38.1	1	0:00:29.247761
4440	2	2	38.1	1	0:00:29.030611
4460	9	9	38.1	1	0:00:28.914130
4480	9	9	38.1	1	0:00:29.091418
4500	3	3	30.2	1	0:00:28.992387
4520	3	3	7.13	1	0:00:29.029027
4540	9	9	38.1	1	0:00:29.594637
4560	1	1	38.1	1	0:00:28.935014
4580	6	6	38.1	1	0:00:29.048151
4600	4	4	38.1	1	0:00:29.250208
4620	7	7	11.4	1	0:00:29.006366
4640	2	2	38.1	1	0:00:28.885682
4660	7	7	13.5	1	0:00:28.543317
4680	9	9	38.1	1	0:00:29.122471
4700	6	6	14.0	1	0:00:28.518807
4720	8	8	15.6	1	0:00:28.747685
4740	5	3	28.2	0	0:00:29.337977
4760	3	-1	0.0	0	0:00:28.919007
4780	0	0	38.1	1	0:00:28.998197
4800	9	9	38.1	1	0:00:29.055470
4820	3	3	26.9	1	0:00:28.887307
4840	0	0	38.1	1	0:00:28.962036
4860	5	5	27.7	1	0:00:29.019142
4880	0	0	11.7	1	0:00:28.698803
4900	3	3	38.1	1	0:00:28.887005
4920	7	7	38.1	1	0:00:28.613858
4940	6	6	38.1	1	0:00:28.684166
4960	4	4	26.1	1	0:00:28.848474
4980	1	1	12.9	1	0:00:28.830462
5000	7	7	38.1	1	0:00:28.828507
5020	8	8	38.1	1	0:00:28.926547
5040	3	3	12.4	1	0:00:28.912049
5060	6	6	15.1	1	0:00:29.281110
5080	7	7	38.1	1	0:00:29.004792
5100	3	3	38.1	1	0:00:29.447683
5120	9	9	38.1	1	0:00:28.936467
5140	8	8	38.1	1	0:00:29.081414
5160	0	0	38.1	1	0:00:29.040147
5180	9	9	13.7	1	0:00:28.560471
5200	3	3	0.419	1	0:00:28.882188
5220	0	0	38.1	1	0:00:28.562623
5240	1	1	14.9	1	0:00:27.331071
5260	0	0	38.1	1	0:00:27.777034
5280	0	0	11.1	1	0:00:28.868069
5300	9	9	38.1	1	0:00:28.668047
5320	7	7	5.84	1	0:00:28.895849
5340	3	4	29.2	0	0:00:28.840674
5360	9	9	38.1	1	0:00:28.826594
5380	1	1	17.6	1	0:00:28.759862
5400	9	9	38.1	1	0:00:28.459950
5420	6	6	38.1	1	0:00:28.705488
5440	9	9	38.1	1	0:00:28.675303
5460	0	0	12.8	1	0:00:28.599517
5480	1	1	38.1	1	0:00:28.173281
5500	8	8	38.1	1	0:00:28.862899
5520	4	4	11.0	1	0:00:28.897724
5540	5	5	38.1	1	0:00:29.001389
5560	3	3	9.31	1	0:00:29.110925
5580	5	5	3.9	1	0:00:28.453218
5600	6	6	6.36	1	0:00:27.806349
5620	3	6	5.78	0	0:00:28.148590
5640	2	3	3.35	0	0:00:27.425311
5660	9	9	28.2	1	0:00:27.690450
5680	2	2	15.4	1	0:00:27.950350
5700	3	3	6.22	1	0:00:27.725700
5720	9	9	31.6	1	0:00:27.718867
5740	6	6	20.3	1	0:00:27.605942
5760	2	2	28.6	1	0:00:27.283468
5780	7	7	38.1	1	0:00:27.271362
5800	2	2	18.8	1	0:00:27.875936
5820	5	5	16.5	1	0:00:27.290051
5840	2	3	10.8	0	0:00:27.568556
5860	0	0	14.3	1	0:00:28.175977
5880	0	0	38.1	1	0:00:27.471795
5900	4	-1	0.0	0	0:00:27.596849
5920	8	8	38.1	1	0:00:28.077672
5940	7	2	11.0	0	0:00:27.914805
5960	2	-1	0.0	0	0:00:27.768877
5980	9	9	38.1	1	0:00:27.919492
6000	8	3	4.36	0	0:00:27.391117
6020	6	6	38.1	1	0:00:27.413174
6040	2	2	15.0	1	0:00:27.559377
6060	3	3	15.8	1	0:00:27.441134
6080	1	1	29.8	1	0:00:27.962444
6100	1	1	38.1	1	0:00:27.881874
6120	5	5	38.1	1	0:00:27.771858
6140	9	9	38.1	1	0:00:28.165011
6160	2	-1	0.0	0	0:00:28.029587
6180	0	0	29.8	1	0:00:27.726813
6200	3	3	38.1	1	0:00:28.308884
6220	2	2	30.0	1	0:00:28.449583
6240	2	2	25.5	1	0:00:28.254264
6260	2	2	29.2	1	0:00:28.228242
6280	8	8	23.9	1	0:00:28.349828
6300	1	1	26.7	1	0:00:28.587673
6320	0	0	19.0	1	0:00:28.453061
6340	3	3	38.1	1	0:00:28.218538
6360	2	2	38.1	1	0:00:28.402537
6380	3	3	12.5	1	0:00:28.190348
6400	0	0	23.2	1	0:00:28.265640
6420	7	7	27.7	1	0:00:28.256107
6440	3	3	5.72	1	0:00:27.990253
6460	3	3	38.1	1	0:00:28.219807
6480	0	0	7.15	1	0:00:28.408844
6500	7	7	8.98	1	0:00:28.638083
6520	6	6	38.1	1	0:00:28.256212
6540	8	8	38.1	1	0:00:28.373415
6560	6	6	38.1	1	0:00:28.425986
6580	1	1	16.9	1	0:00:28.014550
6600	7	7	19.1	1	0:00:27.896474
6620	7	7	38.1	1	0:00:28.055469
6640	5	3	8.18	0	0:00:28.256682
6660	0	0	28.8	1	0:00:28.107333
6680	3	3	12.8	1	0:00:28.579470
6700	6	6	38.1	1	0:00:28.072017
6720	2	2	20.7	1	0:00:27.992312
6740	2	2	38.1	1	0:00:28.278577
6760	5	5	38.1	1	0:00:28.062765
6780	7	7	38.1	1	0:00:28.396188
6800	6	6	7.31	1	0:00:28.813861
6820	1	1	38.1	1	0:00:28.108070
6840	9	9	38.1	1	0:00:28.224162
6860	0	0	3.34	1	0:00:28.419315
6880	2	2	15.9	1	0:00:28.455903
6900	3	3	23.3	1	0:00:28.440117
6920	5	5	20.4	1	0:00:28.196242
6940	1	1	38.1	1	0:00:28.342152
6960	9	9	38.1	1	0:00:28.305213
6980	0	0	20.2	1	0:00:28.425221
7000	2	8	6.01	0	0:00:28.466302
7020	7	7	38.1	1	0:00:28.421870
7040	7	0	2.52	0	0:00:28.393975
7060	8	8	38.1	1	0:00:28.331744
7080	5	5	1.63	1	0:00:28.099607
7100	9	9	15.5	1	0:00:28.218408
7120	7	-1	0.0	0	0:00:28.132503
7140	4	4	25.0	1	0:00:28.287799
7160	5	5	38.1	1	0:00:28.053368
7180	6	6	38.1	1	0:00:28.335721
7200	4	4	31.2	1	0:00:27.760802
7220	9	9	38.1	1	0:00:28.439643
7240	0	0	38.1	1	0:00:28.078028
7260	1	1	38.1	1	0:00:28.195846
7280	1	-1	0.0	0	0:00:28.228602
7300	3	3	25.8	1	0:00:28.203042
7320	8	8	9.45	1	0:00:28.171704
7340	2	2	38.1	1	0:00:27.996228
7360	2	2	12.5	1	0:00:28.357223
7380	7	7	38.1	1	0:00:27.968377
7400	3	5	6.21	0	0:00:27.866202
7420	3	-1	0.0	0	0:00:28.301278
7440	3	3	19.7	1	0:00:28.450686
7460	5	5	15.1	1	0:00:28.334286
7480	1	1	38.1	1	0:00:28.343556
7500	6	6	38.1	1	0:00:28.419443
7520	4	2	12.1	0	0:00:28.265876
7540	5	5	38.1	1	0:00:28.326749
7560	0	0	38.1	1	0:00:28.041488
7580	8	8	38.1	1	0:00:28.361230
7600	8	8	15.7	1	0:00:28.074693
7620	5	9	4.18	0	0:00:28.036231
7640	9	9	0.762	1	0:00:28.044113
7660	7	7	27.7	1	0:00:28.260934
7680	3	3	1.95	1	0:00:28.568164
7700	6	6	38.1	1	0:00:28.406804
7720	5	5	38.1	1	0:00:28.318406
7740	4	4	7.4	1	0:00:28.278259
7760	2	0	17.7	0	0:00:28.280972
7780	3	3	38.1	1	0:00:28.191751
7800	0	0	20.6	1	0:00:28.315078
7820	5	5	8.91	1	0:00:28.485959
7840	1	1	38.1	1	0:00:28.430662
7860	8	8	27.0	1	0:00:28.525741
7880	0	0	38.1	1	0:00:28.420150
7900	0	0	38.1	1	0:00:28.567938
7920	9	9	38.1	1	0:00:28.493579
7940	2	2	11.4	1	0:00:28.357165
7960	0	0	38.1	1	0:00:27.751666
7980	3	3	31.4	1	0:00:28.142869
8000	9	9	38.1	1	0:00:28.266460
8020	6	6	8.98	1	0:00:28.424281
8040	2	2	38.1	1	0:00:28.615367
8060	6	6	38.1	1	0:00:28.796104
8080	4	4	24.8	1	0:00:28.376813
8100	6	6	38.1	1	0:00:28.342308
8120	8	8	38.1	1	0:00:28.474821
8140	5	5	31.1	1	0:00:28.115627
8160	6	6	27.8	1	0:00:28.074005
8180	4	4	11.3	1	0:00:28.093237
8200	3	3	5.38	1	0:00:28.486794
8220	6	6	38.1	1	0:00:28.214671
8240	7	7	38.1	1	0:00:28.188002
8260	1	1	38.1	1	0:00:28.236995
8280	4	3	1.36	0	0:00:28.233187
8300	5	5	1.22	1	0:00:28.194558
8320	7	7	20.2	1	0:00:28.319024
8340	5	5	6.14	1	0:00:28.350696
8360	7	7	38.1	1	0:00:28.413029
8380	9	9	25.9	1	0:00:28.327303
8400	0	0	38.1	1	0:00:28.134855
8420	3	6	7.78	0	0:00:28.428348
8440	5	5	10.1	1	0:00:28.076764
8460	8	8	38.1	1	0:00:28.197781
8480	2	2	12.8	1	0:00:27.878958
8500	4	4	38.1	1	0:00:28.597435
8520	8	8	11.1	1	0:00:27.979343
8540	4	4	38.1	1	0:00:28.333658
8560	7	7	26.1	1	0:00:28.110564
8580	3	3	2.4	1	0:00:27.940148
8600	3	3	12.8	1	0:00:28.189347
8620	3	2	10.9	0	0:00:28.428696
8640	1	1	21.0	1	0:00:27.955973
8660	7	7	38.1	1	0:00:28.174063
8680	3	3	22.7	1	0:00:27.931115
8700	3	3	20.8	1	0:00:28.503295
8720	2	0	16.5	0	0:00:28.452424
8740	2	2	24.7	1	0:00:28.287276
8760	8	8	14.4	1	0:00:28.127033
8780	4	4	19.4	1	0:00:28.138730
8800	0	0	38.1	1	0:00:28.167704
8820	2	2	38.1	1	0:00:28.070094
8840	2	2	10.2	1	0:00:28.041472
8860	2	2	38.1	1	0:00:27.963782
8880	1	1	38.1	1	0:00:28.077181
8900	2	2	0.729	1	0:00:27.919845
8920	6	6	38.1	1	0:00:28.145173
8940	6	-1	0.0	0	0:00:28.128387
8960	0	0	18.1	1	0:00:28.205990
8980	9	9	38.1	1	0:00:28.003840
9000	8	8	38.1	1	0:00:28.259563
9020	7	7	38.1	1	0:00:28.393135
9040	2	5	12.8	0	0:00:28.158207
9060	9	9	38.1	1	0:00:27.920862
9080	3	5	15.9	0	0:00:27.984012
9100	9	9	38.1	1	0:00:28.066437
9120	3	3	14.0	1	0:00:27.917903
9140	7	7	17.6	1	0:00:27.964496
9160	5	5	14.4	1	0:00:28.482848
9180	5	5	38.1	1	0:00:28.076121
9200	8	8	38.1	1	0:00:28.233786
9220	8	8	28.8	1	0:00:28.094654
9240	8	8	28.6	1	0:00:28.397861
9260	5	3	13.1	0	0:00:28.129223
9280	9	9	38.1	1	0:00:28.230824
9300	5	3	12.2	0	0:00:27.825995
9320	9	9	38.1	1	0:00:28.038774
9340	1	1	38.1	1	0:00:28.450410
9360	5	5	6.16	1	0:00:28.084008
9380	5	3	18.9	0	0:00:28.520891
9400	6	6	38.1	1	0:00:28.126962
9420	5	5	38.1	1	0:00:28.474289
9440	8	8	38.1	1	0:00:28.235974
9460	3	3	38.1	1	0:00:28.259505
9480	2	2	38.1	1	0:00:28.527589
9500	9	9	38.1	1	0:00:27.988654
9520	1	1	38.1	1	0:00:28.096244
9540	5	5	38.1	1	0:00:28.050655
9560	9	9	25.0	1	0:00:27.951801
9580	1	1	38.1	1	0:00:28.023361
9600	8	8	38.1	1	0:00:28.481339
9620	4	4	30.0	1	0:00:27.976742
9640	5	5	38.1	1	0:00:28.132622
9660	6	6	38.1	1	0:00:28.444283
9680	8	8	38.1	1	0:00:28.565743
9700	0	0	38.1	1	0:00:28.211468
9720	8	8	38.1	1	0:00:28.480948
9740	3	6	8.78	0	0:00:27.832658
9760	9	9	38.1	1	0:00:27.813346
9780	4	4	17.9	1	0:00:27.947190
9800	1	1	38.1	1	0:00:28.084493
9820	0	-1	0.0	0	0:00:27.960360
9840	4	7	3.04	0	0:00:28.112498
9860	0	0	38.1	1	0:00:28.037924
9880	7	7	3.21	1	0:00:28.450120
9900	8	8	30.8	1	0:00:28.266074
9920	6	6	38.1	1	0:00:28.382226
9940	4	3	4.13	0	0:00:28.302188
9960	2	0	12.4	0	0:00:28.308224
9980	0	0	38.1	1	0:00:28.240622
