idx	label	predict	radius	correct	time
0	3	3	11.4	1	0:00:25.504371
20	7	5	0.872	0	0:00:25.007187
40	4	4	8.71	1	0:00:25.030416
60	7	7	11.2	1	0:00:25.219029
80	8	8	11.4	1	0:00:25.364411
100	4	4	11.1	1	0:00:25.301478
120	8	8	11.4	1	0:00:25.576831
140	6	6	6.06	1	0:00:25.522447
160	2	2	5.54	1	0:00:25.742411
180	0	0	3.23	1	0:00:25.596560
200	5	5	5.42	1	0:00:25.567024
220	7	7	11.2	1	0:00:25.613558
240	1	1	11.4	1	0:00:25.700675
260	8	8	11.4	1	0:00:25.587948
280	9	9	11.4	1	0:00:25.712929
300	6	6	11.4	1	0:00:25.587639
320	3	3	11.4	1	0:00:25.550192
340	2	2	4.87	1	0:00:25.361812
360	9	9	11.4	1	0:00:25.669110
380	6	6	10.7	1	0:00:25.521107
400	9	9	9.25	1	0:00:25.702677
420	4	4	10.4	1	0:00:25.701927
440	1	1	11.0	1	0:00:25.696250
460	5	5	11.4	1	0:00:25.601429
480	8	8	1.31	1	0:00:25.644921
500	4	4	11.4	1	0:00:25.653486
520	5	5	6.35	1	0:00:25.595282
540	1	1	8.73	1	0:00:25.415710
560	0	0	11.4	1	0:00:25.606315
580	4	4	11.4	1	0:00:25.599534
600	8	8	9.05	1	0:00:25.581526
620	7	7	11.4	1	0:00:26.079857
640	5	5	5.69	1	0:00:25.736496
660	9	9	11.4	1	0:00:25.526953
680	9	9	1.76	1	0:00:25.600167
700	7	7	11.4	1	0:00:25.663211
720	4	4	7.24	1	0:00:26.135109
740	2	2	5.79	1	0:00:25.838950
760	3	3	4.68	1	0:00:26.906720
780	9	9	11.4	1	0:00:26.323792
800	7	7	11.4	1	0:00:25.355848
820	6	6	1.81	1	0:00:25.718180
840	7	7	11.4	1	0:00:26.677150
860	4	4	3.64	1	0:00:25.355095
880	8	8	6.25	1	0:00:25.204749
900	2	3	2.46	0	0:00:25.565381
920	6	6	1.73	1	0:00:25.448915
940	9	9	11.4	1	0:00:25.343361
960	9	1	2.13	0	0:00:25.392132
980	2	2	7.72	1	0:00:25.314757
1000	5	5	11.2	1	0:00:26.446126
1020	1	1	9.5	1	0:00:25.146518
1040	7	2	0.242	0	0:00:25.269832
1060	9	9	11.4	1	0:00:25.221275
1080	6	6	5.23	1	0:00:25.267595
1100	7	-1	0.0	0	0:00:25.177224
1120	5	5	2.36	1	0:00:25.122174
1140	6	6	11.4	1	0:00:25.269299
1160	8	8	11.4	1	0:00:25.494151
1180	3	3	8.41	1	0:00:25.151595
1200	8	8	9.74	1	0:00:25.155653
1220	9	9	11.4	1	0:00:25.170036
1240	2	2	11.4	1	0:00:25.160995
1260	1	1	11.1	1	0:00:25.100132
1280	3	3	5.65	1	0:00:25.234175
1300	4	4	11.0	1	0:00:26.217717
1320	7	7	10.1	1	0:00:25.073101
1340	1	1	11.4	1	0:00:25.063155
1360	7	7	7.87	1	0:00:25.122594
1380	4	4	11.2	1	0:00:25.183947
1400	5	5	8.67	1	0:00:25.078221
1420	4	4	6.21	1	0:00:25.199741
1440	0	0	8.12	1	0:00:25.214169
1460	6	6	11.4	1	0:00:25.173043
1480	1	1	1.08	1	0:00:26.813804
1500	1	1	11.4	1	0:00:25.228961
1520	7	7	10.9	1	0:00:25.129598
1540	8	8	11.4	1	0:00:25.227127
1560	7	7	9.97	1	0:00:25.771703
1580	6	6	4.35	1	0:00:26.442535
1600	8	8	8.25	1	0:00:25.182860
1620	5	3	0.116	0	0:00:25.106607
1640	7	7	5.4	1	0:00:25.273500
1660	3	3	11.4	1	0:00:25.339781
1680	6	6	8.96	1	0:00:25.384698
1700	5	5	11.4	1	0:00:25.596697
1720	4	4	11.4	1	0:00:25.095985
1740	1	1	9.97	1	0:00:25.229509
1760	0	0	10.3	1	0:00:25.232090
1780	7	7	8.46	1	0:00:25.952269
1800	4	4	10.2	1	0:00:27.012481
1820	8	8	11.4	1	0:00:26.292327
1840	8	8	4.35	1	0:00:25.409049
1860	8	8	4.9	1	0:00:25.383390
1880	1	1	11.4	1	0:00:25.881362
1900	8	8	11.4	1	0:00:25.122480
1920	2	2	11.4	1	0:00:25.199930
1940	5	5	10.9	1	0:00:25.248179
1960	2	2	9.68	1	0:00:25.152002
1980	9	9	7.8	1	0:00:25.259385
2000	1	1	9.16	1	0:00:25.199513
2020	9	9	11.4	1	0:00:25.797206
2040	0	0	11.4	1	0:00:25.210538
2060	5	5	7.24	1	0:00:25.178150
2080	1	1	6.73	1	0:00:25.390269
2100	2	2	10.6	1	0:00:25.314934
2120	4	4	9.22	1	0:00:25.262907
2140	9	9	11.4	1	0:00:25.108956
2160	0	0	10.5	1	0:00:25.198844
2180	4	4	11.4	1	0:00:25.075838
2200	0	0	2.68	1	0:00:25.198317
2220	1	1	11.4	1	0:00:25.217056
2240	9	9	4.52	1	0:00:25.365862
2260	4	4	2.36	1	0:00:25.345695
2280	4	4	11.0	1	0:00:25.350197
2300	3	3	4.04	1	0:00:25.371165
2320	5	5	5.56	1	0:00:25.351794
2340	7	7	11.4	1	0:00:25.368773
2360	7	7	10.9	1	0:00:25.695376
2380	8	8	11.4	1	0:00:25.245522
2400	0	0	11.4	1	0:00:25.111169
2420	8	8	8.99	1	0:00:25.210015
2440	7	7	8.3	1	0:00:25.185224
2460	9	9	11.4	1	0:00:25.199391
2480	8	8	11.4	1	0:00:25.238729
2500	4	4	3.75	1	0:00:25.748182
2520	1	1	5.57	1	0:00:25.187060
2540	2	2	4.8	1	0:00:25.178663
2560	7	7	11.1	1	0:00:25.218702
2580	6	6	6.58	1	0:00:25.174686
2600	8	8	11.4	1	0:00:25.098519
2620	1	1	11.4	1	0:00:25.178059
2640	7	7	11.4	1	0:00:25.317730
2660	3	3	10.7	1	0:00:25.983043
2680	0	0	11.4	1	0:00:25.203065
2700	9	9	11.2	1	0:00:25.180975
2720	3	3	11.4	1	0:00:25.210821
2740	1	1	11.4	1	0:00:25.360196
2760	2	2	2.98	1	0:00:25.732073
2780	7	7	11.4	1	0:00:26.102388
2800	4	4	11.0	1	0:00:25.360617
2820	6	6	11.0	1	0:00:25.315751
2840	3	3	7.21	1	0:00:25.414809
2860	5	5	9.4	1	0:00:25.353221
2880	4	4	11.4	1	0:00:25.338950
2900	3	2	6.81	0	0:00:25.919565
2920	2	2	8.29	1	0:00:25.404052
2940	3	0	5.1	0	0:00:25.503108
2960	9	0	1.05	0	0:00:26.685544
2980	8	8	11.4	1	0:00:25.332715
3000	5	5	10.1	1	0:00:25.355904
3020	1	1	11.2	1	0:00:25.501501
3040	7	7	11.4	1	0:00:25.813592
3060	7	7	7.31	1	0:00:25.254283
3080	1	1	6.97	1	0:00:25.312265
3100	0	0	6.21	1	0:00:25.271742
3120	4	4	8.16	1	0:00:25.217464
3140	8	8	11.4	1	0:00:25.634878
3160	6	6	3.77	1	0:00:25.472471
3180	3	3	5.2	1	0:00:25.192063
3200	5	5	11.2	1	0:00:25.177269
3220	3	3	5.82	1	0:00:25.367409
3240	4	4	4.57	1	0:00:25.359545
3260	7	7	11.4	1	0:00:25.269642
3280	3	3	10.7	1	0:00:25.399921
3300	4	4	11.4	1	0:00:25.291148
3320	2	2	0.394	1	0:00:25.291436
3340	6	6	10.7	1	0:00:25.232109
3360	4	4	11.4	1	0:00:25.671592
3380	8	8	8.02	1	0:00:25.172214
3400	6	1	0.482	0	0:00:26.411898
3420	5	5	2.49	1	0:00:25.401203
3440	2	2	10.2	1	0:00:25.539706
3460	1	1	11.4	1	0:00:25.560745
3480	2	2	11.4	1	0:00:25.190284
3500	1	1	9.57	1	0:00:25.314055
3520	1	1	11.4	1	0:00:25.387382
3540	6	6	6.9	1	0:00:25.174829
3560	1	9	5.61	0	0:00:25.184482
3580	4	-1	0.0	0	0:00:25.125157
3600	4	3	2.72	0	0:00:25.192052
3620	0	0	9.05	1	0:00:25.158046
3640	6	6	11.2	1	0:00:26.011245
3660	0	0	11.4	1	0:00:25.410715
3680	0	0	5.95	1	0:00:26.211711
3700	3	3	11.4	1	0:00:25.170772
3720	2	2	11.4	1	0:00:25.215157
3740	0	0	11.4	1	0:00:25.400680
3760	7	7	11.4	1	0:00:26.570491
3780	4	4	9.62	1	0:00:26.783387
3800	9	9	11.1	1	0:00:25.494506
3820	0	0	10.3	1	0:00:26.339586
3840	6	3	4.0	0	0:00:26.392682
3860	7	7	11.4	1	0:00:26.721100
3880	6	6	9.03	1	0:00:25.408479
3900	3	3	11.4	1	0:00:25.570672
3920	7	7	8.91	1	0:00:25.418282
3940	6	6	4.73	1	0:00:25.496848
3960	2	2	7.9	1	0:00:25.793166
3980	9	0	2.62	0	0:00:25.698408
4000	8	2	5.77	0	0:00:25.609963
4020	8	8	4.4	1	0:00:25.536732
4040	0	0	11.0	1	0:00:26.212659
4060	6	6	11.4	1	0:00:25.506498
4080	1	1	11.4	1	0:00:25.773920
4100	7	7	11.4	1	0:00:26.116735
4120	4	4	11.4	1	0:00:26.229685
4140	5	3	1.49	0	0:00:27.044930
4160	5	5	11.2	1	0:00:25.753029
4180	0	0	9.43	1	0:00:27.489299
4200	4	4	11.4	1	0:00:26.997150
4220	4	4	8.71	1	0:00:27.510436
4240	7	7	11.4	1	0:00:27.092270
4260	8	8	11.4	1	0:00:27.587435
4280	8	8	8.1	1	0:00:26.595300
4300	8	8	8.43	1	0:00:25.579984
4320	1	0	4.36	0	0:00:25.788345
4340	0	0	11.4	1	0:00:26.431469
4360	6	6	8.63	1	0:00:25.668179
4380	9	9	11.4	1	0:00:26.389897
4400	3	3	10.8	1	0:00:25.539628
4420	5	5	10.8	1	0:00:25.722415
4440	2	2	6.33	1	0:00:25.732301
4460	9	9	10.1	1	0:00:26.723295
4480	9	9	11.4	1	0:00:27.640227
4500	3	3	10.8	1	0:00:27.929232
4520	3	3	8.34	1	0:00:27.818916
4540	9	9	11.4	1	0:00:27.482496
4560	1	1	11.4	1	0:00:27.110763
4580	6	6	10.6	1	0:00:27.152610
4600	4	4	9.94	1	0:00:27.478389
4620	7	7	7.23	1	0:00:27.545897
4640	2	2	11.4	1	0:00:27.884109
4660	7	7	10.2	1	0:00:27.299668
4680	9	9	11.4	1	0:00:27.168517
4700	6	6	8.23	1	0:00:26.584341
4720	8	8	10.1	1	0:00:27.737541
4740	5	3	11.4	0	0:00:27.925872
4760	3	-1	0.0	0	0:00:27.135909
4780	0	-1	0.0	0	0:00:27.170333
4800	9	9	11.4	1	0:00:27.076376
4820	3	3	5.39	1	0:00:27.490982
4840	0	0	11.4	1	0:00:27.552345
4860	5	5	11.1	1	0:00:27.625924
4880	0	0	4.47	1	0:00:27.750699
4900	3	3	8.47	1	0:00:26.972839
4920	7	7	11.4	1	0:00:27.480735
4940	6	6	10.1	1	0:00:27.535242
4960	4	4	9.43	1	0:00:27.377781
4980	1	1	9.43	1	0:00:27.490163
5000	7	7	11.4	1	0:00:27.707405
5020	8	8	11.4	1	0:00:27.288751
5040	3	3	6.64	1	0:00:27.241115
5060	6	6	5.14	1	0:00:27.129605
5080	7	7	7.46	1	0:00:27.172136
5100	3	3	11.4	1	0:00:27.500971
5120	9	9	10.3	1	0:00:27.016582
5140	8	8	11.4	1	0:00:27.877770
5160	0	0	11.1	1	0:00:27.576258
5180	9	9	0.481	1	0:00:27.144586
5200	3	5	2.36	0	0:00:27.470772
5220	0	0	11.2	1	0:00:27.619990
5240	1	1	6.45	1	0:00:27.418354
5260	0	0	11.4	1	0:00:27.365191
5280	0	0	1.35	1	0:00:27.860350
5300	9	9	11.4	1	0:00:27.307597
5320	7	7	5.87	1	0:00:26.785886
5340	3	4	5.64	0	0:00:27.000498
5360	9	9	9.77	1	0:00:27.443947
5380	1	1	11.1	1	0:00:27.403389
5400	9	9	11.4	1	0:00:26.861076
5420	6	6	9.51	1	0:00:27.561501
5440	9	9	11.4	1	0:00:27.237909
5460	0	0	4.01	1	0:00:27.049515
5480	1	1	11.4	1	0:00:27.253176
5500	8	8	2.73	1	0:00:27.837123
5520	4	4	9.9	1	0:00:27.084469
5540	5	5	6.26	1	0:00:27.359193
5560	3	5	5.6	0	0:00:26.969740
5580	5	5	4.06	1	0:00:27.952181
5600	6	6	5.67	1	0:00:28.008922
5620	3	6	3.67	0	0:00:27.355996
5640	2	2	1.97	1	0:00:27.679410
5660	9	9	7.69	1	0:00:27.610577
5680	2	2	4.88	1	0:00:27.598632
5700	3	3	2.99	1	0:00:27.181634
5720	9	9	11.4	1	0:00:27.304860
5740	6	6	3.51	1	0:00:27.588392
5760	2	2	10.9	1	0:00:27.677280
5780	7	7	11.4	1	0:00:27.828644
5800	2	2	11.4	1	0:00:28.020754
5820	5	5	2.39	1	0:00:27.885415
5840	2	3	1.92	0	0:00:27.716633
5860	0	0	6.93	1	0:00:27.891510
5880	0	0	11.4	1	0:00:27.867292
5900	4	7	6.48	0	0:00:27.947644
5920	8	8	11.4	1	0:00:27.821280
5940	7	2	6.92	0	0:00:27.699146
5960	2	6	1.88	0	0:00:27.561172
5980	9	9	11.4	1	0:00:27.580383
6000	8	8	0.225	1	0:00:27.964916
6020	6	6	11.4	1	0:00:27.737923
6040	2	2	5.36	1	0:00:27.592721
6060	3	3	7.31	1	0:00:27.399305
6080	1	1	9.94	1	0:00:27.898549
6100	1	1	10.3	1	0:00:27.469315
6120	5	5	10.9	1	0:00:27.528517
6140	9	9	11.4	1	0:00:27.113839
6160	2	2	7.02	1	0:00:27.390380
6180	0	0	8.77	1	0:00:27.478218
6200	3	3	4.06	1	0:00:27.893188
6220	2	2	9.35	1	0:00:27.760082
6240	2	2	7.91	1	0:00:27.945927
6260	2	2	5.66	1	0:00:27.695343
6280	8	8	3.39	1	0:00:28.057116
6300	1	1	11.4	1	0:00:27.934969
6320	0	0	11.1	1	0:00:27.752185
6340	3	3	11.2	1	0:00:27.965379
6360	2	2	10.7	1	0:00:27.939250
6380	3	3	11.4	1	0:00:27.733822
6400	0	0	9.13	1	0:00:27.796286
6420	7	7	11.4	1	0:00:27.874346
6440	3	3	3.01	1	0:00:27.512651
6460	3	3	11.4	1	0:00:27.922574
6480	0	0	7.92	1	0:00:27.936797
6500	7	7	3.13	1	0:00:27.653646
6520	6	6	7.81	1	0:00:27.742871
6540	8	8	11.4	1	0:00:28.045782
6560	6	6	0.78	1	0:00:27.844085
6580	1	1	6.93	1	0:00:27.859020
6600	7	7	9.99	1	0:00:27.880610
6620	7	7	6.94	1	0:00:28.027272
6640	5	5	0.219	1	0:00:27.826768
6660	0	0	7.67	1	0:00:27.641213
6680	3	3	7.01	1	0:00:28.370520
6700	6	6	11.4	1	0:00:28.244920
6720	2	2	11.4	1	0:00:28.078702
6740	2	2	11.4	1	0:00:27.995601
6760	5	5	11.4	1	0:00:27.675123
6780	7	7	11.4	1	0:00:28.075520
6800	6	6	6.0	1	0:00:27.585531
6820	1	1	11.4	1	0:00:27.659964
6840	9	9	11.4	1	0:00:28.122229
6860	0	0	8.38	1	0:00:27.947078
6880	2	2	10.4	1	0:00:27.899732
6900	3	3	4.16	1	0:00:27.973599
6920	5	5	9.81	1	0:00:27.955536
6940	1	1	11.4	1	0:00:27.935068
6960	9	9	11.4	1	0:00:28.030849
6980	0	0	3.28	1	0:00:28.438420
7000	2	8	9.81	0	0:00:28.094465
7020	7	7	11.4	1	0:00:28.095689
7040	7	0	6.01	0	0:00:27.709926
7060	8	8	10.4	1	0:00:28.066149
7080	5	3	1.76	0	0:00:27.760326
7100	9	9	7.69	1	0:00:28.259818
7120	7	7	4.55	1	0:00:27.542526
7140	4	4	10.6	1	0:00:27.875489
7160	5	5	11.2	1	0:00:27.792589
7180	6	6	10.4	1	0:00:27.814960
7200	4	4	11.1	1	0:00:28.024842
7220	9	9	5.67	1	0:00:27.929013
7240	0	0	9.94	1	0:00:28.021003
7260	1	1	11.4	1	0:00:28.146155
7280	1	9	1.98	0	0:00:27.825875
7300	3	3	11.4	1	0:00:28.021435
7320	8	8	2.53	1	0:00:27.814627
7340	2	2	11.4	1	0:00:27.569824
7360	2	2	5.45	1	0:00:27.914693
7380	7	7	10.5	1	0:00:28.141942
7400	3	3	4.86	1	0:00:27.856819
7420	3	3	6.25	1	0:00:27.353169
7440	3	3	3.41	1	0:00:27.962960
7460	5	5	6.29	1	0:00:27.915421
7480	1	1	9.72	1	0:00:27.881973
7500	6	6	11.4	1	0:00:27.683386
7520	4	4	1.01	1	0:00:28.059563
7540	5	5	11.4	1	0:00:27.708199
7560	0	0	10.8	1	0:00:27.932856
7580	8	8	11.4	1	0:00:27.747622
7600	8	8	4.18	1	0:00:28.114722
7620	5	5	1.27	1	0:00:27.816385
7640	9	9	1.89	1	0:00:27.627307
7660	7	7	6.78	1	0:00:27.646169
7680	3	3	2.12	1	0:00:27.911086
7700	6	6	11.4	1	0:00:28.002572
7720	5	5	9.16	1	0:00:27.775243
7740	4	4	0.653	1	0:00:27.707109
7760	2	2	3.78	1	0:00:27.537884
7780	3	3	11.4	1	0:00:28.000937
7800	0	0	11.4	1	0:00:27.833019
7820	5	5	9.33	1	0:00:27.860927
7840	1	1	11.4	1	0:00:28.239390
7860	8	8	11.0	1	0:00:27.563140
7880	0	0	11.4	1	0:00:27.813614
7900	0	0	11.4	1	0:00:28.180839
7920	9	9	9.81	1	0:00:27.777381
7940	2	2	2.25	1	0:00:27.988489
7960	0	0	5.23	1	0:00:27.790849
7980	3	3	2.33	1	0:00:27.966403
8000	9	9	11.4	1	0:00:27.900581
8020	6	6	3.59	1	0:00:27.880039
8040	2	2	10.6	1	0:00:27.550941
8060	6	6	11.4	1	0:00:27.401153
8080	4	4	11.4	1	0:00:27.835319
8100	6	6	5.9	1	0:00:27.712509
8120	8	8	10.4	1	0:00:27.756626
8140	5	5	11.0	1	0:00:27.701601
8160	6	6	9.25	1	0:00:28.003654
8180	4	4	1.42	1	0:00:28.113992
8200	3	5	1.58	0	0:00:27.929421
8220	6	6	8.6	1	0:00:27.635993
8240	7	7	11.4	1	0:00:27.703727
8260	1	1	11.4	1	0:00:27.700077
8280	4	4	4.36	1	0:00:27.882931
8300	5	6	1.99	0	0:00:27.972804
8320	7	7	10.5	1	0:00:27.771337
8340	5	5	8.81	1	0:00:27.896089
8360	7	7	11.4	1	0:00:27.791128
8380	9	9	10.0	1	0:00:27.988827
8400	0	0	11.4	1	0:00:27.641929
8420	3	6	2.24	0	0:00:28.007685
8440	5	5	4.02	1	0:00:28.086989
8460	8	8	11.4	1	0:00:27.838015
8480	2	-1	0.0	0	0:00:27.883885
8500	4	4	11.4	1	0:00:27.646273
8520	8	8	6.17	1	0:00:28.000510
8540	4	4	11.1	1	0:00:27.933095
8560	7	7	11.4	1	0:00:27.597229
8580	3	3	4.13	1	0:00:27.835155
8600	3	3	7.2	1	0:00:27.986889
8620	3	2	1.91	0	0:00:27.704774
8640	1	1	11.1	1	0:00:27.874416
8660	7	7	11.2	1	0:00:27.899942
8680	3	3	11.4	1	0:00:27.917884
8700	3	3	3.31	1	0:00:28.032477
8720	2	2	3.17	1	0:00:27.935876
8740	2	2	10.6	1	0:00:27.738610
8760	8	8	6.31	1	0:00:28.095253
8780	4	4	11.4	1	0:00:27.657951
8800	0	0	11.4	1	0:00:27.925677
8820	2	2	11.4	1	0:00:27.720759
8840	2	2	6.02	1	0:00:27.703575
8860	2	2	11.1	1	0:00:27.978437
8880	1	1	11.4	1	0:00:28.047175
8900	2	2	0.922	1	0:00:27.810851
8920	6	6	10.6	1	0:00:27.740802
8940	6	6	2.44	1	0:00:27.748097
8960	0	0	11.4	1	0:00:27.615854
8980	9	9	11.4	1	0:00:27.878396
9000	8	8	11.4	1	0:00:28.195498
9020	7	7	10.2	1	0:00:27.870244
9040	2	5	6.37	0	0:00:27.960687
9060	9	9	11.4	1	0:00:27.838667
9080	3	5	5.07	0	0:00:27.547981
9100	9	9	11.4	1	0:00:27.861372
9120	3	3	6.73	1	0:00:27.867056
9140	7	7	10.4	1	0:00:27.861787
9160	5	3	0.701	0	0:00:26.996315
9180	5	5	11.4	1	0:00:27.103748
9200	8	8	11.4	1	0:00:27.446424
9220	8	8	10.3	1	0:00:27.117594
9240	8	8	9.87	1	0:00:27.077248
9260	5	3	5.0	0	0:00:27.029390
9280	9	9	11.4	1	0:00:27.338488
9300	5	3	1.16	0	0:00:27.428739
9320	9	9	11.4	1	0:00:27.291279
9340	1	1	11.4	1	0:00:27.181933
9360	5	5	7.31	1	0:00:27.326494
9380	5	3	0.975	0	0:00:27.288894
9400	6	6	4.73	1	0:00:27.219202
9420	5	5	8.63	1	0:00:27.175261
9440	8	8	7.64	1	0:00:27.110090
9460	3	3	11.4	1	0:00:27.433469
9480	2	2	4.14	1	0:00:27.390554
9500	9	9	11.4	1	0:00:28.131124
9520	1	1	11.4	1	0:00:28.142865
9540	5	5	11.4	1	0:00:27.935319
9560	9	9	10.6	1	0:00:27.843154
9580	1	1	11.4	1	0:00:27.757160
9600	8	8	11.4	1	0:00:28.111974
9620	4	4	11.4	1	0:00:28.266534
9640	5	5	9.49	1	0:00:28.383827
9660	6	6	10.5	1	0:00:28.782338
9680	8	8	9.47	1	0:00:28.327059
9700	0	0	11.4	1	0:00:28.066476
9720	8	8	9.18	1	0:00:27.982437
9740	3	6	1.69	0	0:00:28.206535
9760	9	9	10.9	1	0:00:27.734055
9780	4	5	3.62	0	0:00:28.531186
9800	1	1	11.4	1	0:00:27.774972
9820	0	0	3.21	1	0:00:27.987199
9840	4	7	6.09	0	0:00:28.610835
9860	0	0	9.85	1	0:00:28.179869
9880	7	7	8.16	1	0:00:28.572141
9900	8	8	11.4	1	0:00:28.079306
9920	6	6	11.4	1	0:00:27.809538
9940	4	4	0.317	1	0:00:27.441859
9960	2	0	6.58	0	0:00:27.757121
9980	0	0	11.4	1	0:00:27.731587
