idx	label	predict	radius	correct	time
0	0	394	45.1	0	0:00:48.816775
100	2	2	45.1	1	0:00:46.366940
200	4	395	26.4	0	0:00:45.585972
300	6	6	45.1	1	0:00:44.941392
400	8	8	45.1	1	0:00:46.570647
500	10	10	45.1	1	0:00:45.271537
600	12	12	8.9	1	0:00:47.270403
700	14	14	45.1	1	0:00:48.045971
800	16	96	10.9	0	0:00:46.420993
900	18	18	20.3	1	0:00:46.608240
1000	20	20	45.1	1	0:00:46.359155
1100	22	21	45.1	0	0:00:46.758917
1200	24	24	35.5	1	0:00:45.469399
1300	26	26	11.1	1	0:00:46.408373
1400	28	28	11.5	1	0:00:47.364129
1500	30	30	45.1	1	0:00:45.831810
1600	32	26	39.8	0	0:00:46.793467
1700	34	119	10.7	0	0:00:46.877329
1800	36	37	3.46	0	0:00:46.860841
1900	38	44	45.1	0	0:00:46.238814
2000	40	989	12.5	0	0:00:45.813337
2100	42	366	10.9	0	0:00:46.139379
2200	44	44	45.1	1	0:00:45.575723
2300	46	40	45.1	0	0:00:45.602937
2400	48	69	45.1	0	0:00:46.164279
2500	50	39	23.7	0	0:00:49.119700
2600	52	52	24.4	1	0:00:47.022829
2700	54	57	33.0	0	0:00:47.435157
2800	56	56	17.2	1	0:00:47.190543
2900	58	114	14.1	0	0:00:46.854384
3000	60	61	45.1	0	0:00:46.548432
3100	62	62	43.8	1	0:00:46.821557
3200	64	64	37.4	1	0:00:46.762843
3300	66	61	45.1	0	0:00:46.150222
3400	68	111	45.1	0	0:00:46.738802
3500	70	70	45.1	1	0:00:46.888952
3600	72	72	45.1	1	0:00:46.707780
3700	74	-1	0.0	0	0:00:46.953504
3800	76	76	43.8	1	0:00:45.979267
3900	78	78	45.1	1	0:00:46.574896
4000	80	80	45.1	1	0:00:45.689525
4100	82	82	45.1	1	0:00:47.449817
4200	84	84	11.3	1	0:00:45.602280
4300	86	86	1.94	1	0:00:45.487472
4400	88	954	6.26	0	0:00:47.851502
4500	90	90	45.1	1	0:00:49.115836
4600	92	92	31.4	1	0:00:47.781475
4700	94	94	45.1	1	0:00:47.843207
4800	96	96	45.1	1	0:00:47.652410
4900	98	146	37.8	0	0:00:48.747621
5000	100	100	45.1	1	0:00:48.372496
5100	102	102	45.1	1	0:00:47.967839
5200	104	342	13.2	0	0:00:47.203830
5300	106	106	45.1	1	0:00:45.902458
5400	108	29	18.6	0	0:00:45.818487
5500	110	110	45.1	1	0:00:45.901993
5600	112	112	45.1	1	0:00:46.021931
5700	114	113	45.1	0	0:00:46.010541
5800	116	116	45.1	1	0:00:45.939362
5900	118	118	45.1	1	0:00:46.044669
6000	120	34	3.73	0	0:00:45.897585
6100	122	122	45.1	1	0:00:46.019669
6200	124	118	45.1	0	0:00:45.990159
6300	126	126	17.9	1	0:00:45.987884
6400	128	128	45.1	1	0:00:46.037379
6500	130	130	45.1	1	0:00:45.975914
6600	132	132	45.1	1	0:00:46.001928
6700	134	132	45.1	0	0:00:45.949233
6800	136	136	45.1	1	0:00:45.880296
6900	138	138	45.1	1	0:00:45.891241
7000	140	140	45.1	1	0:00:45.866480
7100	142	142	45.1	1	0:00:45.915122
7200	144	144	45.1	1	0:00:45.799314
7300	146	99	4.43	0	0:00:45.917575
7400	148	148	45.1	1	0:00:45.781749
7500	150	360	32.1	0	0:00:45.893531
7600	152	152	45.1	1	0:00:45.920303
7700	154	154	0.668	1	0:00:45.874547
7800	156	156	45.1	1	0:00:45.865309
7900	158	158	45.1	1	0:00:45.928869
8000	160	160	45.1	1	0:00:45.931293
8100	162	162	45.1	1	0:00:45.934807
8200	164	164	32.4	1	0:00:45.930210
8300	166	162	25.3	0	0:00:45.997021
8400	168	338	12.1	0	0:00:45.872812
8500	170	172	45.1	0	0:00:45.879282
8600	172	172	0.606	1	0:00:45.925646
8700	174	254	45.1	0	0:00:45.924536
8800	176	246	32.4	0	0:00:45.918383
8900	178	178	45.1	1	0:00:45.875982
9000	180	243	30.5	0	0:00:45.926044
9100	182	182	2.47	1	0:00:45.831214
9200	184	229	45.1	0	0:00:45.844259
9300	186	192	45.1	0	0:00:45.899198
9400	188	188	32.0	1	0:00:45.987154
9500	190	190	45.1	1	0:00:45.904201
9600	192	199	45.1	0	0:00:45.953312
9700	194	229	5.03	0	0:00:45.904642
9800	196	199	39.5	0	0:00:45.824874
9900	198	196	45.1	0	0:00:45.929883
10000	200	200	45.1	1	0:00:45.862263
10100	202	202	23.0	1	0:00:45.793298
10200	204	204	45.1	1	0:00:45.861231
10300	206	206	43.8	1	0:00:45.930334
10400	208	208	45.1	1	0:00:45.922362
10500	210	210	39.5	1	0:00:46.005311
10600	212	177	43.8	0	0:00:45.931641
10700	214	214	29.0	1	0:00:45.969106
10800	216	216	45.1	1	0:00:45.936399
10900	218	218	45.1	1	0:00:45.902432
11000	220	220	34.0	1	0:00:45.869949
11100	222	296	45.1	0	0:00:45.807650
11200	224	170	3.48	0	0:00:45.811543
11300	226	226	45.1	1	0:00:45.908524
11400	228	228	34.4	1	0:00:45.896719
11500	230	230	45.1	1	0:00:45.938157
11600	232	232	45.1	1	0:00:45.920436
11700	234	165	13.1	0	0:00:45.857259
11800	236	234	38.9	0	0:00:45.917825
11900	238	238	27.1	1	0:00:45.896851
12000	240	238	45.1	0	0:00:45.950777
12100	242	242	9.25	1	0:00:45.962426
12200	244	244	45.1	1	0:00:45.882477
12300	246	251	45.1	0	0:00:45.924401
12400	248	248	45.1	1	0:00:45.795359
12500	250	169	10.2	0	0:00:45.921904
12600	252	252	9.62	1	0:00:45.899545
12700	254	196	8.76	0	0:00:45.898869
12800	256	256	45.1	1	0:00:46.054818
12900	258	258	45.1	1	0:00:45.910596
13000	260	260	45.1	1	0:00:45.873121
13100	262	262	45.1	1	0:00:45.961049
13200	264	264	41.0	1	0:00:45.910824
13300	266	266	45.1	1	0:00:45.891755
13400	268	268	45.1	1	0:00:45.827147
13500	270	270	39.5	1	0:00:45.880281
13600	272	274	45.1	0	0:00:45.904411
13700	274	274	45.1	1	0:00:45.935032
13800	276	276	45.1	1	0:00:45.918676
13900	278	278	40.2	1	0:00:45.946255
14000	280	280	45.1	1	0:00:45.937559
14100	282	282	45.1	1	0:00:45.916178
14200	284	284	45.1	1	0:00:45.908736
14300	286	286	45.1	1	0:00:45.906008
14400	288	288	27.5	1	0:00:45.914947
14500	290	290	45.1	1	0:00:45.890723
14600	292	290	45.1	0	0:00:45.999961
14700	294	294	45.1	1	0:00:45.901591
14800	296	296	45.1	1	0:00:45.910221
14900	298	9	7.02	0	0:00:45.889818
15000	300	300	27.4	1	0:00:45.870743
15100	302	302	1.43	1	0:00:45.886548
15200	304	301	37.2	0	0:00:45.880039
15300	306	306	45.1	1	0:00:45.974566
15400	308	308	45.1	1	0:00:45.810529
15500	310	310	41.5	1	0:00:45.851861
15600	312	312	12.1	1	0:00:45.899189
15700	314	314	37.4	1	0:00:45.886545
15800	316	316	23.3	1	0:00:45.865019
15900	318	308	26.1	0	0:00:46.019807
16000	320	320	45.1	1	0:00:46.033289
16100	322	322	29.3	1	0:00:45.957988
16200	324	324	45.1	1	0:00:45.979813
16300	326	326	45.1	1	0:00:45.883800
16400	328	328	45.1	1	0:00:45.950838
16500	330	330	45.1	1	0:00:45.868021
16600	332	153	11.4	0	0:00:45.877417
16700	334	282	14.6	0	0:00:45.952344
16800	336	336	45.1	1	0:00:45.985883
16900	338	887	1.39	0	0:00:45.912614
17000	340	340	45.1	1	0:00:45.838705
17100	342	269	41.0	0	0:00:46.001279
17200	344	344	28.1	1	0:00:45.971515
17300	346	137	21.8	0	0:00:45.852203
17400	348	348	14.3	1	0:00:45.935289
17500	350	350	45.1	1	0:00:45.953552
17600	352	352	43.8	1	0:00:45.891211
17700	354	354	15.9	1	0:00:45.958870
17800	356	193	15.6	0	0:00:45.889732
17900	358	359	33.9	0	0:00:45.896303
18000	360	360	45.1	1	0:00:45.942764
18100	362	362	45.1	1	0:00:45.829764
18200	364	364	11.1	1	0:00:45.925346
18300	366	366	45.1	1	0:00:45.952610
18400	368	368	45.1	1	0:00:45.944270
18500	370	370	45.1	1	0:00:45.946251
18600	372	372	16.0	1	0:00:45.809536
18700	374	367	16.0	0	0:00:45.918270
18800	376	376	33.9	1	0:00:45.971752
18900	378	378	0.571	1	0:00:45.842118
19000	380	380	34.8	1	0:00:45.977499
19100	382	382	45.1	1	0:00:45.856656
19200	384	384	42.1	1	0:00:46.024078
19300	386	386	45.1	1	0:00:46.016492
19400	388	388	45.1	1	0:00:45.901236
19500	390	390	45.1	1	0:00:46.102980
19600	392	397	45.1	0	0:00:46.001667
19700	394	524	6.12	0	0:00:45.938577
19800	396	396	45.1	1	0:00:45.886501
19900	398	398	41.0	1	0:00:45.914191
20000	400	400	45.1	1	0:00:45.889947
20100	402	420	7.82	0	0:00:45.875916
20200	404	404	45.1	1	0:00:45.876332
20300	406	406	13.0	1	0:00:45.844382
20400	408	847	32.0	0	0:00:45.882942
20500	410	410	36.0	1	0:00:45.952588
20600	412	412	45.1	1	0:00:45.951526
20700	414	414	45.1	1	0:00:45.875696
20800	416	416	45.1	1	0:00:45.965748
20900	418	563	35.3	0	0:00:45.873465
21000	420	-1	0.0	0	0:00:45.936227
21100	422	422	23.7	1	0:00:45.793538
21200	424	454	43.8	0	0:00:45.856809
21300	426	426	45.1	1	0:00:45.858223
21400	428	428	45.1	1	0:00:45.840807
21500	430	430	33.4	1	0:00:45.877899
21600	432	432	45.1	1	0:00:45.863887
21700	434	748	2.99	0	0:00:45.912549
21800	436	436	45.1	1	0:00:46.007213
21900	438	463	45.1	0	0:00:45.863261
22000	440	737	5.81	0	0:00:45.912725
22100	442	442	45.1	1	0:00:45.820763
22200	444	879	21.0	0	0:00:45.940321
22300	446	446	45.1	1	0:00:45.967318
22400	448	498	37.6	0	0:00:46.006644
22500	450	-1	0.0	0	0:00:45.856187
22600	452	452	45.1	1	0:00:45.876810
22700	454	454	45.1	1	0:00:45.817541
22800	456	179	38.3	0	0:00:45.944439
22900	458	458	42.9	1	0:00:46.057916
23000	460	978	27.2	0	0:00:45.848472
23100	462	462	10.2	1	0:00:45.897247
23200	464	686	24.7	0	0:00:45.956328
23300	466	466	45.1	1	0:00:45.846667
23400	468	468	45.1	1	0:00:45.841806
23500	470	832	10.8	0	0:00:45.855635
23600	472	472	45.1	1	0:00:45.864518
23700	474	735	45.1	0	0:00:45.903193
23800	476	667	5.43	0	0:00:45.903377
23900	478	478	45.1	1	0:00:45.878161
24000	480	877	35.8	0	0:00:45.940976
24100	482	481	6.99	0	0:00:45.921744
24200	484	484	15.6	1	0:00:45.911936
24300	486	889	20.3	0	0:00:45.897045
24400	488	649	45.1	0	0:00:45.904502
24500	490	443	9.86	0	0:00:45.829249
24600	492	492	37.6	1	0:00:45.952621
24700	494	907	15.7	0	0:00:45.907368
24800	496	496	2.07	1	0:00:45.911413
24900	498	498	45.1	1	0:00:45.880655
25000	500	500	45.1	1	0:00:45.977726
25100	502	502	45.1	1	0:00:45.838627
25200	504	504	6.37	1	0:00:45.935993
25300	506	518	3.59	0	0:00:45.861540
25400	508	508	45.1	1	0:00:45.855929
25500	510	510	13.0	1	0:00:45.925869
25600	512	488	9.37	0	0:00:45.942388
25700	514	514	45.1	1	0:00:45.950883
25800	516	529	0.767	0	0:00:45.937823
25900	518	518	45.1	1	0:00:45.927395
26000	520	520	45.1	1	0:00:45.861878
26100	522	520	17.7	0	0:00:45.983871
26200	524	-1	0.0	0	0:00:45.836034
26300	526	664	42.1	0	0:00:45.926992
26400	528	532	43.8	0	0:00:45.971666
26500	530	531	42.1	0	0:00:45.931175
26600	532	532	45.1	1	0:00:45.923206
26700	534	534	45.1	1	0:00:45.868296
26800	536	628	45.1	0	0:00:45.863652
26900	538	538	45.1	1	0:00:45.921931
27000	540	540	45.1	1	0:00:45.874775
27100	542	542	13.3	1	0:00:46.022295
27200	544	926	45.1	0	0:00:46.035198
27300	546	546	45.1	1	0:00:45.994188
27400	548	548	45.1	1	0:00:45.874346
27500	550	505	45.1	0	0:00:45.888750
27600	552	552	43.8	1	0:00:45.918611
27700	554	554	45.1	1	0:00:45.858143
27800	556	703	12.9	0	0:00:45.852390
27900	558	254	45.1	0	0:00:45.899802
28000	560	560	45.1	1	0:00:45.918762
28100	562	562	45.1	1	0:00:45.972322
28200	564	778	20.9	0	0:00:45.954481
28300	566	887	13.8	0	0:00:45.924974
28400	568	399	45.1	0	0:00:45.911114
28500	570	754	23.1	0	0:00:45.790421
28600	572	784	45.1	0	0:00:45.983468
28700	574	574	45.1	1	0:00:45.879351
28800	576	515	36.5	0	0:00:45.861854
28900	578	-1	0.0	0	0:00:45.964670
29000	580	738	40.2	0	0:00:45.935145
29100	582	582	34.6	1	0:00:45.836351
29200	584	754	41.0	0	0:00:45.838289
29300	586	586	45.1	1	0:00:45.963264
29400	588	588	42.9	1	0:00:45.986282
29500	590	590	10.7	1	0:00:45.916869
29600	592	-1	0.0	0	0:00:45.903189
29700	594	843	42.9	0	0:00:45.947903
29800	596	-1	0.0	0	0:00:45.856004
29900	598	664	45.1	0	0:00:46.022485
30000	600	517	45.1	0	0:00:45.905708
30100	602	602	45.1	1	0:00:45.860599
30200	604	604	36.0	1	0:00:45.847305
30300	606	606	45.1	1	0:00:45.847565
30400	608	523	6.1	0	0:00:45.992504
30500	610	610	45.1	1	0:00:45.870160
30600	612	612	45.1	1	0:00:45.886637
30700	614	614	45.1	1	0:00:45.919750
30800	616	877	9.4	0	0:00:45.974349
30900	618	828	45.1	0	0:00:45.830470
31000	620	620	3.17	1	0:00:45.976478
31100	622	622	14.0	1	0:00:45.811190
31200	624	729	22.3	0	0:00:45.983640
31300	626	714	7.06	0	0:00:45.998540
31400	628	624	32.5	0	0:00:46.092841
31500	630	703	16.7	0	0:00:45.986523
31600	632	632	45.1	1	0:00:45.989063
31700	634	489	45.1	0	0:00:45.974768
31800	636	636	45.1	1	0:00:45.951670
31900	638	638	27.7	1	0:00:45.879309
32000	640	640	45.1	1	0:00:45.949044
32100	642	642	45.1	1	0:00:46.057798
32200	644	644	45.1	1	0:00:45.894134
32300	646	818	7.39	0	0:00:45.915839
32400	648	651	27.5	0	0:00:45.910152
32500	650	401	45.1	0	0:00:45.927227
32600	652	652	45.1	1	0:00:45.992109
32700	654	654	29.3	1	0:00:45.817994
32800	656	436	42.1	0	0:00:45.923398
32900	658	658	45.1	1	0:00:45.902961
33000	660	660	45.1	1	0:00:45.844427
33100	662	662	43.8	1	0:00:45.871737
33200	664	851	45.1	0	0:00:45.876579
33300	666	666	45.1	1	0:00:45.730027
33400	668	350	5.76	0	0:00:45.937451
33500	670	670	45.1	1	0:00:45.959915
33600	672	672	29.1	1	0:00:45.902408
33700	674	449	14.7	0	0:00:45.994269
33800	676	932	35.4	0	0:00:45.888993
33900	678	678	45.1	1	0:00:45.947952
34000	680	680	45.1	1	0:00:45.897542
34100	682	682	38.3	1	0:00:45.845963
34200	684	684	33.0	1	0:00:45.910507
34300	686	-1	0.0	0	0:00:45.849526
34400	688	688	45.1	1	0:00:45.971654
34500	690	690	45.1	1	0:00:45.796483
34600	692	838	17.6	0	0:00:45.841654
34700	694	694	45.1	1	0:00:45.768825
34800	696	-1	0.0	0	0:00:45.896979
34900	698	698	24.9	1	0:00:45.907337
35000	700	700	36.3	1	0:00:45.832568
35100	702	602	45.1	0	0:00:45.797777
35200	704	877	45.1	0	0:00:45.802855
35300	706	536	45.1	0	0:00:45.833209
35400	708	682	45.1	0	0:00:45.926419
35500	710	464	1.26	0	0:00:45.915423
35600	712	773	21.3	0	0:00:45.815023
35700	714	714	45.1	1	0:00:45.885302
35800	716	716	45.1	1	0:00:45.854680
35900	718	716	38.3	0	0:00:45.815638
36000	720	720	17.6	1	0:00:45.908648
36100	722	722	45.1	1	0:00:45.863911
36200	724	780	45.1	0	0:00:45.957347
36300	726	726	45.1	1	0:00:45.867400
36400	728	728	24.1	1	0:00:45.948390
36500	730	856	9.06	0	0:00:45.908783
36600	732	732	45.1	1	0:00:45.957311
36700	734	734	43.8	1	0:00:45.948390
36800	736	736	45.1	1	0:00:45.969998
36900	738	738	42.1	1	0:00:46.035295
37000	740	617	38.6	0	0:00:45.986231
37100	742	466	45.1	0	0:00:46.044339
37200	744	437	0.738	0	0:00:46.021039
37300	746	746	45.1	1	0:00:46.064377
37400	748	748	23.7	1	0:00:46.094117
37500	750	208	8.24	0	0:00:45.936047
37600	752	499	16.9	0	0:00:45.895045
37700	754	485	43.8	0	0:00:45.826528
37800	756	756	36.6	1	0:00:45.753670
37900	758	758	33.4	1	0:00:45.865669
38000	760	799	45.1	0	0:00:45.781375
38100	762	762	45.1	1	0:00:45.891276
38200	764	650	39.5	0	0:00:45.854352
38300	766	766	45.1	1	0:00:45.837814
38400	768	768	43.8	1	0:00:45.903749
38500	770	770	6.54	1	0:00:45.867538
38600	772	772	11.3	1	0:00:45.816568
38700	774	774	41.0	1	0:00:45.902193
38800	776	875	38.1	0	0:00:45.869224
38900	778	480	14.9	0	0:00:45.874198
39000	780	484	45.1	0	0:00:45.916445
39100	782	664	43.8	0	0:00:45.873368
39200	784	828	45.1	0	0:00:45.884264
39300	786	401	42.9	0	0:00:45.907691
39400	788	467	20.2	0	0:00:45.863460
39500	790	791	38.3	0	0:00:45.941959
39600	792	880	33.0	0	0:00:45.882651
39700	794	794	45.1	1	0:00:46.002428
39800	796	796	45.1	1	0:00:45.934885
39900	798	798	45.1	1	0:00:45.888140
40000	800	886	31.2	0	0:00:45.910852
40100	802	802	39.8	1	0:00:45.880726
40200	804	804	22.1	1	0:00:45.887667
40300	806	806	45.1	1	0:00:45.845665
40400	808	808	45.1	1	0:00:45.903797
40500	810	810	45.1	1	0:00:45.890450
40600	812	812	45.1	1	0:00:45.898999
40700	814	814	45.1	1	0:00:45.840134
40800	816	816	45.1	1	0:00:45.981170
40900	818	745	36.1	0	0:00:45.887293
41000	820	565	45.1	0	0:00:45.870902
41100	822	822	7.61	1	0:00:45.911383
41200	824	824	45.1	1	0:00:45.889630
41300	826	531	9.5	0	0:00:45.937783
41400	828	633	13.8	0	0:00:45.845036
41500	830	830	42.9	1	0:00:45.904171
41600	832	832	45.1	1	0:00:45.806517
41700	834	982	45.1	0	0:00:46.045283
41800	836	444	0.649	0	0:00:45.885908
41900	838	631	14.6	0	0:00:45.974796
42000	840	840	31.4	1	0:00:45.960444
42100	842	842	9.28	1	0:00:45.952560
42200	844	844	45.1	1	0:00:45.855720
42300	846	846	45.1	1	0:00:45.964824
42400	848	598	29.0	0	0:00:45.844890
42500	850	850	45.1	1	0:00:45.900300
42600	852	852	45.1	1	0:00:45.840059
42700	854	884	35.0	0	0:00:45.919341
42800	856	856	29.1	1	0:00:45.892522
42900	858	858	45.1	1	0:00:45.853975
43000	860	409	43.8	0	0:00:45.919937
43100	862	862	3.5	1	0:00:45.770072
43200	864	864	43.8	1	0:00:45.792607
43300	866	-1	0.0	0	0:00:45.763034
43400	868	967	31.8	0	0:00:45.870676
43500	870	870	9.59	1	0:00:45.969615
43600	872	840	45.1	0	0:00:45.952661
43700	874	874	45.1	1	0:00:45.826055
43800	876	435	13.1	0	0:00:45.890398
43900	878	-1	0.0	0	0:00:45.929317
44000	880	870	45.1	0	0:00:45.936753
44100	882	760	7.87	0	0:00:45.897467
44200	884	884	45.1	1	0:00:46.066045
44300	886	886	45.1	1	0:00:45.937603
44400	888	718	3.32	0	0:00:45.881648
44500	890	890	45.1	1	0:00:45.772756
44600	892	-1	0.0	0	0:00:45.829142
44700	894	894	45.1	1	0:00:45.813760
44800	896	896	45.1	1	0:00:45.797449
44900	898	721	14.6	0	0:00:45.901142
45000	900	900	45.1	1	0:00:45.800429
45100	902	902	45.1	1	0:00:45.836509
45200	904	905	12.8	0	0:00:45.953471
45300	906	906	45.1	1	0:00:46.059584
45400	908	895	9.01	0	0:00:45.964643
45500	910	641	45.1	0	0:00:45.866935
45600	912	677	2.26	0	0:00:45.825312
45700	914	914	45.1	1	0:00:45.898841
45800	916	916	45.1	1	0:00:45.902758
45900	918	918	45.1	1	0:00:45.813007
46000	920	670	3.12	0	0:00:45.885736
46100	922	922	43.8	1	0:00:45.772608
46200	924	-1	0.0	0	0:00:45.897773
46300	926	926	45.1	1	0:00:45.833665
46400	928	927	45.1	0	0:00:45.753728
46500	930	964	27.2	0	0:00:45.862798
46600	932	932	45.1	1	0:00:45.811047
46700	934	937	45.1	0	0:00:45.911295
46800	936	936	45.1	1	0:00:45.899699
46900	938	937	41.5	0	0:00:45.835876
47000	940	940	1.75	1	0:00:45.884837
47100	942	942	45.1	1	0:00:45.887866
47200	944	946	45.1	0	0:00:45.936258
47300	946	946	45.1	1	0:00:45.917326
47400	948	948	45.1	1	0:00:45.788690
47500	950	950	25.8	1	0:00:45.788316
47600	952	90	45.1	0	0:00:45.898292
47700	954	955	2.81	0	0:00:45.824242
47800	956	956	45.1	1	0:00:45.905303
47900	958	483	45.1	0	0:00:45.789683
48000	960	960	45.1	1	0:00:45.946045
48100	962	962	45.1	1	0:00:45.887837
48200	964	964	23.6	1	0:00:46.019684
48300	966	630	9.61	0	0:00:45.851033
48400	968	968	45.1	1	0:00:45.952498
48500	970	795	45.1	0	0:00:45.940925
48600	972	979	45.1	0	0:00:45.921467
48700	974	974	45.1	1	0:00:45.838382
48800	976	724	39.8	0	0:00:45.971282
48900	978	978	35.5	1	0:00:45.869559
49000	980	980	45.1	1	0:00:45.892786
49100	982	982	45.1	1	0:00:45.911521
49200	984	984	45.1	1	0:00:45.778007
49300	986	986	45.1	1	0:00:45.901629
49400	988	988	33.9	1	0:00:45.868567
49500	990	990	22.2	1	0:00:45.931570
49600	992	992	45.1	1	0:00:45.846474
49700	994	994	45.1	1	0:00:45.878599
49800	996	996	39.8	1	0:00:45.896145
49900	998	987	45.1	0	0:00:45.948609
