no.	maxl2sqr
40000	1.8600326776504517
40500	1.9666972160339355
41000	0.6683897972106934
41500	0.6686818599700928
42000	0.6029365062713623
42500	0.786255955696106
43000	0.3743649125099182
43500	0.6259077787399292
44000	0.5165435075759888
44500	0.8093826770782471
0	0.6924616694450378
500	0.28039878606796265
1000	0.4386439919471741
1500	0.8297438621520996
2000	0.3757249712944031
2500	0.9576500654220581
3000	1.9119435548782349
3500	1.053187608718872
4000	0.4784621000289917
4500	0.7708377838134766
35000	0.21624258160591125
35500	0.2848929762840271
36000	0.46343570947647095
36500	1.892531156539917
37000	0.7283830642700195
37500	0.15404242277145386
38000	0.2792203426361084
38500	0.47210344672203064
39000	0.42204296588897705
39500	0.6863782405853271
25000	0.5574636459350586
25500	1.5549674034118652
26000	0.3478758931159973
26500	0.10850931704044342
27000	0.6979638338088989
27500	0.4731636047363281
28000	0.9818230271339417
28500	0.7206500768661499
29000	1.1832902431488037
29500	0.25530025362968445
45000	0.37551814317703247
45500	0.3922451138496399
46000	0.2579194903373718
46500	0.32588452100753784
47000	0.4244893491268158
47500	0.378423810005188
48000	0.6173206567764282
48500	0.891507625579834
49000	0.2339836061000824
49500	0.7299972176551819
15000	1.3243458271026611
15500	0.6103427410125732
16000	0.14830806851387024
16500	0.42811352014541626
17000	1.6120854616165161
17500	0.932294487953186
18000	0.6367311477661133
18500	0.6195045709609985
19000	0.599944531917572
19500	0.25185626745224
30000	0.506827175617218
30500	0.9166947603225708
31000	0.8949217796325684
31500	0.7765628695487976
32000	1.3612571954727173
32500	0.1668250858783722
33000	0.682241678237915
33500	0.9341452121734619
34000	0.055008433759212494
34500	0.7049487829208374
10000	0.7468512058258057
10500	0.1664886474609375
11000	0.5618743896484375
11500	0.21397165954113007
12000	0.41445502638816833
12500	0.5816452503204346
13000	0.2130008339881897
13500	0.5448318719863892
14000	1.5804977416992188
14500	1.6270976066589355
20000	0.7717713713645935
20500	0.62587571144104
21000	0.19290193915367126
21500	0.18493309617042542
22000	0.5007051229476929
22500	1.0972228050231934
23000	0.6425191164016724
23500	0.4459259510040283
24000	1.0538408756256104
24500	2.0748443603515625
5000	0.7460801601409912
5500	0.8168385624885559
6000	0.3471497595310211
6500	0.2388933002948761
7000	0.46718770265579224
7500	0.6512902975082397
8000	0.382477343082428
8500	0.2819375693798065
9000	0.924065351486206
9500	0.3341226577758789
