idx	label	predict	radius	correct	time
0	3	3	16.1	1	0:00:00.461925
20	7	7	4.0	1	0:00:00.185065
40	4	4	12.0	1	0:00:00.176095
60	7	7	16.0	1	0:00:00.174660
80	8	8	19.2	1	0:00:00.347594
100	4	4	10.0	1	0:00:00.173174
120	8	8	13.0	1	0:00:00.174288
140	6	6	7.0	1	0:00:00.174330
160	2	2	7.07	1	0:00:00.173715
180	0	0	4.0	1	0:00:00.174350
200	5	5	7.0	1	0:00:00.175789
220	7	7	12.0	1	0:00:00.173843
240	1	1	19.1	1	0:00:00.357812
260	8	8	16.8	1	0:00:00.175050
280	9	9	6.71	1	0:00:00.173359
300	6	6	12.1	1	0:00:00.176126
320	3	3	15.8	1	0:00:00.175765
340	2	2	12.0	1	0:00:00.175905
360	9	9	16.0	1	0:00:00.176364
380	6	6	9.0	1	0:00:00.174276
400	9	9	11.0	1	0:00:00.174682
420	4	4	9.9	1	0:00:00.174248
440	1	1	16.5	1	0:00:00.175455
460	5	5	10.2	1	0:00:00.175155
480	8	8	1.0	1	0:00:00.173279
500	4	4	14.3	1	0:00:00.175455
520	5	5	6.0	1	0:00:00.174365
540	1	1	17.9	1	0:00:00.347008
560	0	0	22.1	1	0:00:00.347391
580	4	4	5.1	1	0:00:00.174727
600	8	8	7.0	1	0:00:00.174468
620	7	7	16.0	1	0:00:00.172698
640	5	5	2.0	1	0:00:00.173697
660	9	9	11.3	1	0:00:00.175603
680	9	9	1.0	1	0:00:00.173161
700	7	7	14.0	1	0:00:00.174252
720	4	4	8.06	1	0:00:00.174495
740	2	2	5.66	1	0:00:00.173234
760	3	5	0.0	0	0:00:00.173990
780	9	9	18.0	1	0:00:00.347743
800	7	7	11.4	1	0:00:00.175979
820	6	6	9.06	1	0:00:00.173286
840	7	7	15.5	1	0:00:00.173890
860	4	2	0.0	0	0:00:00.174824
880	8	8	12.0	1	0:00:00.175733
900	2	2	3.61	1	0:00:00.173759
920	6	6	4.47	1	0:00:00.175299
940	9	9	20.9	1	0:00:00.345847
960	9	9	10.3	1	0:00:00.176326
980	2	2	11.7	1	0:00:00.174168
1000	5	5	14.0	1	0:00:00.172463
1020	1	1	12.0	1	0:00:00.176468
1040	7	3	0.0	0	0:00:00.172407
1060	9	9	17.0	1	0:00:00.173534
1080	6	6	6.71	1	0:00:00.177362
1100	7	8	0.0	0	0:00:00.173484
1120	5	2	0.0	0	0:00:00.173824
1140	6	6	14.6	1	0:00:00.173266
1160	8	8	17.0	1	0:00:00.173022
1180	3	3	5.1	1	0:00:00.174179
1200	8	8	11.0	1	0:00:00.175485
1220	9	9	12.0	1	0:00:00.173025
1240	2	2	11.3	1	0:00:00.175253
1260	1	1	10.2	1	0:00:00.173892
1280	3	5	0.0	0	0:00:00.174432
1300	4	4	9.85	1	0:00:00.177181
1320	7	7	14.0	1	0:00:00.177539
1340	1	1	14.9	1	0:00:00.174821
1360	7	7	12.5	1	0:00:00.176430
1380	4	4	5.0	1	0:00:00.176641
1400	5	5	9.49	1	0:00:00.174064
1420	4	4	7.62	1	0:00:00.173660
1440	0	0	11.4	1	0:00:00.172960
1460	6	6	17.0	1	0:00:00.173196
1480	1	9	0.0	0	0:00:00.176169
1500	1	1	9.43	1	0:00:00.174055
1520	7	7	12.0	1	0:00:00.174157
1540	8	8	19.1	1	0:00:00.347056
1560	7	7	9.9	1	0:00:00.174054
1580	6	6	5.1	1	0:00:00.172804
1600	8	8	11.0	1	0:00:00.173017
1620	5	5	6.71	1	0:00:00.174495
1640	7	7	6.71	1	0:00:00.173495
1660	3	3	11.0	1	0:00:00.173020
1680	6	6	13.0	1	0:00:00.173056
1700	5	5	18.0	1	0:00:00.345649
1720	4	4	13.5	1	0:00:00.173245
1740	1	1	9.06	1	0:00:00.174000
1760	0	0	15.0	1	0:00:00.172778
1780	7	0	0.0	0	0:00:00.173044
1800	4	4	7.07	1	0:00:00.173715
1820	8	8	13.0	1	0:00:00.173485
1840	8	8	6.08	1	0:00:00.175223
1860	8	8	7.62	1	0:00:00.210531
1880	1	1	10.2	1	0:00:00.174454
1900	8	8	17.0	1	0:00:00.175097
1920	2	2	17.0	1	0:00:00.175215
1940	5	5	10.8	1	0:00:00.174845
1960	2	2	10.4	1	0:00:00.181764
1980	9	9	11.0	1	0:00:00.175633
2000	1	1	12.4	1	0:00:00.174668
2020	9	9	17.0	1	0:00:00.173804
2040	0	0	15.0	1	0:00:00.177243
2060	5	5	1.0	1	0:00:00.177655
2080	1	1	11.2	1	0:00:00.175442
2100	2	2	12.0	1	0:00:00.173511
2120	4	4	1.41	1	0:00:00.176177
2140	9	9	17.0	1	0:00:00.175365
2160	0	0	19.4	1	0:00:00.349191
2180	4	4	12.0	1	0:00:00.174260
2200	0	2	0.0	0	0:00:00.175682
2220	1	1	16.5	1	0:00:00.174327
2240	9	9	2.0	1	0:00:00.176181
2260	4	4	12.0	1	0:00:00.176225
2280	4	4	13.4	1	0:00:00.174724
2300	3	2	0.0	0	0:00:00.174707
2320	5	5	1.0	1	0:00:00.176487
2340	7	7	14.6	1	0:00:00.173677
2360	7	7	7.07	1	0:00:00.173534
2380	8	8	13.3	1	0:00:00.175493
2400	0	0	13.9	1	0:00:00.175810
2420	8	8	13.6	1	0:00:00.173924
2440	7	7	2.0	1	0:00:00.173820
2460	9	9	15.3	1	0:00:00.173938
2480	8	8	14.0	1	0:00:00.174513
2500	4	4	10.4	1	0:00:00.174850
2520	1	1	6.71	1	0:00:00.175869
2540	2	2	3.61	1	0:00:00.173288
2560	7	7	14.6	1	0:00:00.173134
2580	6	6	1.0	1	0:00:00.174405
2600	8	8	15.0	1	0:00:00.173888
2620	1	1	14.0	1	0:00:00.173795
2640	7	7	13.9	1	0:00:00.175465
2660	3	5	0.0	0	0:00:00.174307
2680	0	0	21.0	1	0:00:00.346895
2700	9	9	8.06	1	0:00:00.173218
2720	3	3	14.2	1	0:00:00.175624
2740	1	1	11.0	1	0:00:00.175896
2760	2	2	5.39	1	0:00:00.173560
2780	7	7	15.6	1	0:00:00.174420
2800	4	4	12.1	1	0:00:00.176482
2820	6	6	15.5	1	0:00:00.173233
2840	3	3	9.0	1	0:00:00.173894
2860	5	5	11.0	1	0:00:00.174977
2880	4	4	19.9	1	0:00:00.347288
2900	3	9	0.0	0	0:00:00.176570
2920	2	2	8.0	1	0:00:00.176403
2940	3	0	0.0	0	0:00:00.174234
2960	9	0	0.0	0	0:00:00.174662
2980	8	8	13.0	1	0:00:00.174640
3000	5	5	6.08	1	0:00:00.175331
3020	1	1	9.0	1	0:00:00.176766
3040	7	7	12.0	1	0:00:00.177190
3060	7	7	7.21	1	0:00:00.181346
3080	1	1	17.0	1	0:00:00.174131
3100	0	0	10.2	1	0:00:00.175222
3120	4	4	7.07	1	0:00:00.174531
3140	8	8	18.4	1	0:00:00.350355
3160	6	4	0.0	0	0:00:00.173982
3180	3	6	0.0	0	0:00:00.174612
3200	5	5	13.9	1	0:00:00.178583
3220	3	3	3.0	1	0:00:00.174967
3240	4	4	5.1	1	0:00:00.175491
3260	7	7	13.0	1	0:00:00.177184
3280	3	3	7.81	1	0:00:00.175652
3300	4	4	14.3	1	0:00:00.176232
3320	2	2	5.83	1	0:00:00.174695
3340	6	6	13.6	1	0:00:00.176163
3360	4	4	14.3	1	0:00:00.176146
3380	8	8	11.0	1	0:00:00.176319
3400	6	8	0.0	0	0:00:00.174691
3420	5	5	6.08	1	0:00:00.175577
3440	2	2	5.0	1	0:00:00.175926
3460	1	1	13.0	1	0:00:00.177310
3480	2	2	12.5	1	0:00:00.176705
3500	1	1	5.39	1	0:00:00.175779
3520	1	1	15.6	1	0:00:00.176599
3540	6	6	14.9	1	0:00:00.174082
3560	1	9	0.0	0	0:00:00.174404
3580	4	4	3.16	1	0:00:00.177130
3600	4	3	0.0	0	0:00:00.174053
3620	0	0	8.6	1	0:00:00.174356
3640	6	6	14.0	1	0:00:00.174500
3660	0	0	14.9	1	0:00:00.173694
3680	0	0	11.0	1	0:00:00.174580
3700	3	3	8.0	1	0:00:00.175727
3720	2	2	15.7	1	0:00:00.177436
3740	0	0	12.7	1	0:00:00.175616
3760	7	7	17.0	1	0:00:00.175626
3780	4	4	10.0	1	0:00:00.175699
3800	9	9	15.6	1	0:00:00.178243
3820	0	2	0.0	0	0:00:00.177575
3840	6	6	1.0	1	0:00:00.175155
3860	7	7	16.3	1	0:00:00.177862
3880	6	6	11.2	1	0:00:00.175371
3900	3	3	4.12	1	0:00:00.175640
3920	7	7	9.0	1	0:00:00.175879
3940	6	6	7.28	1	0:00:00.175818
3960	2	2	14.0	1	0:00:00.175578
3980	9	2	0.0	0	0:00:00.174080
4000	8	2	0.0	0	0:00:00.174232
4020	8	8	3.0	1	0:00:00.175774
4040	0	0	17.0	1	0:00:00.174829
4060	6	6	13.2	1	0:00:00.175281
4080	1	1	18.4	1	0:00:00.347239
4100	7	7	19.0	1	0:00:00.350049
4120	4	4	12.0	1	0:00:00.173840
4140	5	3	0.0	0	0:00:00.174864
4160	5	5	15.8	1	0:00:00.175654
4180	0	0	7.0	1	0:00:00.174768
4200	4	4	17.7	1	0:00:00.174487
4220	4	4	5.1	1	0:00:00.176762
4240	7	7	7.07	1	0:00:00.175087
4260	8	8	17.0	1	0:00:00.175674
4280	8	8	11.0	1	0:00:00.177490
4300	8	8	3.0	1	0:00:00.176087
4320	1	1	3.0	1	0:00:00.176361
4340	0	0	19.0	1	0:00:00.352203
4360	6	6	10.8	1	0:00:00.176715
4380	9	9	10.3	1	0:00:00.175947
4400	3	3	1.41	1	0:00:00.174809
4420	5	5	7.07	1	0:00:00.176089
4440	2	2	15.0	1	0:00:00.175926
4460	9	9	13.6	1	0:00:00.173855
4480	9	9	17.7	1	0:00:00.176020
4500	3	3	13.2	1	0:00:00.174620
4520	3	3	9.22	1	0:00:00.173953
4540	9	9	13.0	1	0:00:00.176971
4560	1	1	14.0	1	0:00:00.173841
4580	6	6	15.2	1	0:00:00.175416
4600	4	4	10.0	1	0:00:00.177218
4620	7	7	8.06	1	0:00:00.175956
4640	2	2	19.3	1	0:00:00.352766
4660	7	7	7.28	1	0:00:00.175358
4680	9	9	19.2	1	0:00:00.354538
4700	6	6	9.06	1	0:00:00.177692
4720	8	8	12.7	1	0:00:00.177147
4740	5	3	0.0	0	0:00:00.175696
4760	3	8	0.0	0	0:00:00.179327
4780	0	3	0.0	0	0:00:00.177116
4800	9	9	12.5	1	0:00:00.174466
4820	3	3	6.08	1	0:00:00.174835
4840	0	0	15.6	1	0:00:00.176672
4860	5	5	16.0	1	0:00:00.175006
4880	0	0	1.0	1	0:00:00.174330
4900	3	3	13.9	1	0:00:00.176112
4920	7	7	12.0	1	0:00:00.175048
4940	6	6	12.0	1	0:00:00.174802
4960	4	4	10.0	1	0:00:00.175627
4980	1	1	8.0	1	0:00:00.174876
5000	7	7	16.2	1	0:00:00.175757
5020	8	8	18.4	1	0:00:00.353436
5040	3	3	7.0	1	0:00:00.175981
5060	6	6	4.24	1	0:00:00.177676
5080	7	7	16.3	1	0:00:00.175791
5100	3	3	11.0	1	0:00:00.177691
5120	9	9	11.4	1	0:00:00.175477
5140	8	8	18.0	1	0:00:00.351224
5160	0	0	13.9	1	0:00:00.176493
5180	9	9	6.71	1	0:00:00.174466
5200	3	5	0.0	0	0:00:00.175431
5220	0	0	18.4	1	0:00:00.354021
5240	1	1	7.0	1	0:00:00.177056
5260	0	0	13.9	1	0:00:00.178176
5280	0	3	0.0	0	0:00:00.176293
5300	9	9	18.0	1	0:00:00.353822
5320	7	7	5.83	1	0:00:00.177136
5340	3	4	0.0	0	0:00:00.177570
5360	9	9	9.22	1	0:00:00.178715
5380	1	1	10.6	1	0:00:00.177353
5400	9	9	14.0	1	0:00:00.175288
5420	6	6	15.0	1	0:00:00.174570
5440	9	9	15.3	1	0:00:00.180924
5460	0	3	0.0	0	0:00:00.175324
5480	1	1	11.7	1	0:00:00.175358
5500	8	8	14.1	1	0:00:00.176720
5520	4	4	9.0	1	0:00:00.175133
5540	5	5	12.0	1	0:00:00.174649
5560	3	5	0.0	0	0:00:00.176462
5580	5	2	0.0	0	0:00:00.176380
5600	6	6	5.39	1	0:00:00.177113
5620	3	6	0.0	0	0:00:00.175506
5640	2	2	5.66	1	0:00:00.175732
5660	9	9	7.0	1	0:00:00.175328
5680	2	2	1.0	1	0:00:00.176172
5700	3	3	1.41	1	0:00:00.176228
5720	9	9	19.0	1	0:00:00.353162
5740	6	6	8.06	1	0:00:00.174978
5760	2	2	12.8	1	0:00:00.174825
5780	7	7	15.0	1	0:00:00.176116
5800	2	2	10.0	1	0:00:00.175075
5820	5	5	8.0	1	0:00:00.175101
5840	2	2	9.22	1	0:00:00.176420
5860	0	0	3.16	1	0:00:00.175093
5880	0	0	15.8	1	0:00:00.176489
5900	4	7	0.0	0	0:00:00.174448
5920	8	8	14.2	1	0:00:00.176106
5940	7	3	0.0	0	0:00:00.175275
5960	2	2	2.0	1	0:00:00.175268
5980	9	9	12.6	1	0:00:00.177198
6000	8	8	13.0	1	0:00:00.176095
6020	6	6	16.8	1	0:00:00.180217
6040	2	5	0.0	0	0:00:00.174867
6060	3	3	8.06	1	0:00:00.175867
6080	1	1	8.54	1	0:00:00.175095
6100	1	1	8.6	1	0:00:00.175563
6120	5	5	10.0	1	0:00:00.174890
6140	9	9	14.1	1	0:00:00.175155
6160	2	2	6.08	1	0:00:00.175373
6180	0	0	1.0	1	0:00:00.175105
6200	3	3	3.16	1	0:00:00.174892
6220	2	2	11.0	1	0:00:00.176587
6240	2	2	11.0	1	0:00:00.175973
6260	2	2	8.49	1	0:00:00.176670
6280	8	8	4.0	1	0:00:00.174593
6300	1	1	15.0	1	0:00:00.177398
6320	0	0	6.08	1	0:00:00.179951
6340	3	3	6.0	1	0:00:00.178433
6360	2	2	10.8	1	0:00:00.177254
6380	3	3	5.39	1	0:00:00.176470
6400	0	0	9.22	1	0:00:00.176951
6420	7	7	12.6	1	0:00:00.176945
6440	3	3	3.0	1	0:00:00.178509
6460	3	3	1.41	1	0:00:00.178888
6480	0	0	6.08	1	0:00:00.175917
6500	7	7	10.0	1	0:00:00.177819
6520	6	6	5.83	1	0:00:00.178027
6540	8	8	13.0	1	0:00:00.176506
6560	6	6	2.24	1	0:00:00.178515
6580	1	1	1.41	1	0:00:00.176054
6600	7	7	10.8	1	0:00:00.177196
6620	7	7	16.1	1	0:00:00.175994
6640	5	3	0.0	0	0:00:00.175722
6660	0	0	11.7	1	0:00:00.177067
6680	3	3	2.0	1	0:00:00.177574
6700	6	6	9.22	1	0:00:00.176898
6720	2	2	4.47	1	0:00:00.178457
6740	2	2	14.9	1	0:00:00.175746
6760	5	5	14.3	1	0:00:00.176850
6780	7	7	15.3	1	0:00:00.178060
6800	6	6	12.2	1	0:00:00.176675
6820	1	1	16.4	1	0:00:00.176119
6840	9	9	15.1	1	0:00:00.178293
6860	0	0	12.7	1	0:00:00.176810
6880	2	2	10.2	1	0:00:00.177166
6900	3	3	2.0	1	0:00:00.179381
6920	5	5	14.2	1	0:00:00.181871
6940	1	1	14.6	1	0:00:00.177992
6960	9	9	10.8	1	0:00:00.178226
6980	0	0	8.25	1	0:00:00.177598
7000	2	8	0.0	0	0:00:00.175999
7020	7	7	15.8	1	0:00:00.182169
7040	7	3	0.0	0	0:00:00.176511
7060	8	8	14.3	1	0:00:00.177791
7080	5	3	0.0	0	0:00:00.180592
7100	9	9	1.0	1	0:00:00.178968
7120	7	7	5.0	1	0:00:00.179442
7140	4	4	10.8	1	0:00:00.177050
7160	5	5	9.06	1	0:00:00.177798
7180	6	6	12.0	1	0:00:00.177005
7200	4	4	13.5	1	0:00:00.176931
7220	9	9	9.85	1	0:00:00.176319
7240	0	0	13.0	1	0:00:00.175536
7260	1	1	15.3	1	0:00:00.176395
7280	1	1	1.0	1	0:00:00.177603
7300	3	3	3.61	1	0:00:00.175868
7320	8	8	1.0	1	0:00:00.176081
7340	2	2	10.4	1	0:00:00.174935
7360	2	2	6.4	1	0:00:00.175557
7380	7	7	13.9	1	0:00:00.176051
7400	3	5	0.0	0	0:00:00.177268
7420	3	5	0.0	0	0:00:00.180467
7440	3	3	14.0	1	0:00:00.178779
7460	5	5	4.0	1	0:00:00.178380
7480	1	1	15.0	1	0:00:00.175948
7500	6	6	13.3	1	0:00:00.177601
7520	4	4	4.0	1	0:00:00.177211
7540	5	5	16.0	1	0:00:00.176554
7560	0	0	13.0	1	0:00:00.177498
7580	8	8	11.7	1	0:00:00.176873
7600	8	8	2.0	1	0:00:00.177964
7620	5	5	1.0	1	0:00:00.176979
7640	9	9	13.6	1	0:00:00.176190
7660	7	7	6.32	1	0:00:00.176133
7680	3	3	2.24	1	0:00:00.176471
7700	6	6	17.7	1	0:00:00.176159
7720	5	5	11.4	1	0:00:00.176947
7740	4	4	3.61	1	0:00:00.175794
7760	2	0	0.0	0	0:00:00.176461
7780	3	3	8.06	1	0:00:00.177675
7800	0	0	11.0	1	0:00:00.177252
7820	5	5	10.4	1	0:00:00.182987
7840	1	1	16.2	1	0:00:00.176799
7860	8	8	14.6	1	0:00:00.176892
7880	0	0	17.0	1	0:00:00.177086
7900	0	0	6.08	1	0:00:00.179430
7920	9	9	9.06	1	0:00:00.176357
7940	2	2	6.4	1	0:00:00.176282
7960	0	0	15.6	1	0:00:00.176458
7980	3	3	13.9	1	0:00:00.175764
8000	9	9	10.0	1	0:00:00.176602
8020	6	6	3.0	1	0:00:00.175940
8040	2	2	15.5	1	0:00:00.175951
8060	6	6	18.4	1	0:00:00.352493
8080	4	4	7.62	1	0:00:00.176354
8100	6	2	0.0	0	0:00:00.178272
8120	8	8	15.0	1	0:00:00.176909
8140	5	5	12.0	1	0:00:00.177368
8160	6	6	15.0	1	0:00:00.177222
8180	4	4	1.0	1	0:00:00.177072
8200	3	3	10.0	1	0:00:00.176592
8220	6	6	9.9	1	0:00:00.176357
8240	7	7	15.7	1	0:00:00.176462
8260	1	1	15.5	1	0:00:00.177837
8280	4	4	12.6	1	0:00:00.179657
8300	5	5	1.0	1	0:00:00.177689
8320	7	7	14.0	1	0:00:00.177167
8340	5	5	6.71	1	0:00:00.177093
8360	7	7	15.0	1	0:00:00.176989
8380	9	9	11.0	1	0:00:00.177834
8400	0	0	13.9	1	0:00:00.179623
8420	3	3	2.0	1	0:00:00.178649
8440	5	3	0.0	0	0:00:00.176586
8460	8	8	12.4	1	0:00:00.176804
8480	2	8	0.0	0	0:00:00.177284
8500	4	4	15.0	1	0:00:00.176412
8520	8	8	9.43	1	0:00:00.175992
8540	4	4	13.9	1	0:00:00.176135
8560	7	7	14.4	1	0:00:00.176162
8580	3	5	0.0	0	0:00:00.176652
8600	3	3	5.66	1	0:00:00.176770
8620	3	3	1.0	1	0:00:00.176512
8640	1	1	6.32	1	0:00:00.176209
8660	7	7	15.3	1	0:00:00.177253
8680	3	3	12.2	1	0:00:00.176373
8700	3	3	5.0	1	0:00:00.175873
8720	2	2	9.0	1	0:00:00.176244
8740	2	2	10.0	1	0:00:00.175166
8760	8	8	14.0	1	0:00:00.175678
8780	4	4	13.0	1	0:00:00.178779
8800	0	0	14.6	1	0:00:00.176959
8820	2	2	5.39	1	0:00:00.176945
8840	2	2	3.0	1	0:00:00.178958
8860	2	2	10.8	1	0:00:00.179189
8880	1	1	14.3	1	0:00:00.176273
8900	2	2	2.24	1	0:00:00.178423
8920	6	6	10.0	1	0:00:00.178911
8940	6	7	0.0	0	0:00:00.176569
8960	0	0	5.0	1	0:00:00.178677
8980	9	9	15.0	1	0:00:00.176637
9000	8	8	18.6	1	0:00:00.355709
9020	7	7	15.0	1	0:00:00.176211
9040	2	5	0.0	0	0:00:00.177285
9060	9	9	12.1	1	0:00:00.176336
9080	3	5	0.0	0	0:00:00.176210
9100	9	9	14.1	1	0:00:00.178067
9120	3	5	0.0	0	0:00:00.176373
9140	7	7	8.25	1	0:00:00.176673
9160	5	5	5.0	1	0:00:00.178614
9180	5	5	8.25	1	0:00:00.176446
9200	8	8	11.0	1	0:00:00.176380
9220	8	8	15.3	1	0:00:00.178271
9240	8	8	9.0	1	0:00:00.176669
9260	5	3	0.0	0	0:00:00.179384
9280	9	9	15.8	1	0:00:00.177503
9300	5	3	0.0	0	0:00:00.176890
9320	9	9	18.0	1	0:00:00.353332
9340	1	1	15.7	1	0:00:00.177391
9360	5	5	9.06	1	0:00:00.177194
9380	5	3	0.0	0	0:00:00.175251
9400	6	6	14.1	1	0:00:00.175294
9420	5	5	8.25	1	0:00:00.178445
9440	8	8	11.2	1	0:00:00.177210
9460	3	3	9.49	1	0:00:00.177320
9480	2	2	12.0	1	0:00:00.179441
9500	9	9	14.2	1	0:00:00.177136
9520	1	1	14.0	1	0:00:00.176741
9540	5	5	13.9	1	0:00:00.179619
9560	9	9	11.0	1	0:00:00.176122
9580	1	1	14.4	1	0:00:00.177840
9600	8	8	17.0	1	0:00:00.176930
9620	4	4	9.49	1	0:00:00.178382
9640	5	5	4.0	1	0:00:00.178447
9660	6	6	17.0	1	0:00:00.175961
9680	8	8	13.0	1	0:00:00.175730
9700	0	0	13.0	1	0:00:00.177495
9720	8	8	10.0	1	0:00:00.176247
9740	3	3	5.39	1	0:00:00.176608
9760	9	9	7.21	1	0:00:00.175235
9780	4	4	1.41	1	0:00:00.177428
9800	1	1	18.4	1	0:00:00.354732
9820	0	0	5.0	1	0:00:00.177457
9840	4	7	0.0	0	0:00:00.179639
9860	0	0	9.43	1	0:00:00.177936
9880	7	7	4.47	1	0:00:00.177205
9900	8	8	18.4	1	0:00:00.354320
9920	6	6	13.0	1	0:00:00.176689
9940	4	6	0.0	0	0:00:00.178915
9960	2	0	0.0	0	0:00:00.178106
9980	0	0	9.0	1	0:00:00.176028
