idx	label	predict	radius	correct	time
0	3	3	8.6	1	0:00:00.418130
20	7	5	0.0	0	0:00:00.184407
40	4	4	10.0	1	0:00:00.175606
60	7	7	20.0	1	0:00:00.344349
80	8	8	24.1	1	0:00:00.344948
100	4	4	11.0	1	0:00:00.172017
120	8	8	15.5	1	0:00:00.172257
140	6	6	7.62	1	0:00:00.172836
160	2	2	7.28	1	0:00:00.174743
180	0	0	5.39	1	0:00:00.174982
200	5	5	6.08	1	0:00:00.172924
220	7	7	6.32	1	0:00:00.172834
240	1	1	20.6	1	0:00:00.344563
260	8	8	15.3	1	0:00:00.173900
280	9	9	4.47	1	0:00:00.173467
300	6	6	19.8	1	0:00:00.345238
320	3	3	13.0	1	0:00:00.171645
340	2	2	7.0	1	0:00:00.172800
360	9	9	17.2	1	0:00:00.172853
380	6	6	21.4	1	0:00:00.345149
400	9	9	14.9	1	0:00:00.172923
420	4	4	11.0	1	0:00:00.172291
440	1	1	17.7	1	0:00:00.172192
460	5	5	11.0	1	0:00:00.172404
480	8	8	3.0	1	0:00:00.172372
500	4	4	3.61	1	0:00:00.172752
520	5	5	8.06	1	0:00:00.172617
540	1	1	5.0	1	0:00:00.172398
560	0	0	20.0	1	0:00:00.345611
580	4	4	12.4	1	0:00:00.172199
600	8	8	6.08	1	0:00:00.173395
620	7	7	18.7	1	0:00:00.345572
640	5	5	2.83	1	0:00:00.173645
660	9	9	14.9	1	0:00:00.172688
680	9	9	2.24	1	0:00:00.172822
700	7	7	17.9	1	0:00:00.345324
720	4	4	7.07	1	0:00:00.172855
740	2	2	5.39	1	0:00:00.173513
760	3	3	12.0	1	0:00:00.172202
780	9	9	21.0	1	0:00:00.345541
800	7	7	14.2	1	0:00:00.172770
820	6	2	0.0	0	0:00:00.173190
840	7	7	23.5	1	0:00:00.344746
860	4	4	2.0	1	0:00:00.172742
880	8	8	12.0	1	0:00:00.173446
900	2	2	1.41	1	0:00:00.172898
920	6	6	12.8	1	0:00:00.172701
940	9	9	21.0	1	0:00:00.345266
960	9	9	5.1	1	0:00:00.172796
980	2	2	10.8	1	0:00:00.172631
1000	5	5	14.9	1	0:00:00.172575
1020	1	1	18.0	1	0:00:00.345924
1040	7	3	0.0	0	0:00:00.172904
1060	9	9	22.7	1	0:00:00.347738
1080	6	6	16.1	1	0:00:00.172935
1100	7	8	0.0	0	0:00:00.173884
1120	5	2	0.0	0	0:00:00.174553
1140	6	6	14.0	1	0:00:00.173007
1160	8	8	17.0	1	0:00:00.173234
1180	3	3	13.9	1	0:00:00.173596
1200	8	8	17.8	1	0:00:00.173078
1220	9	9	12.4	1	0:00:00.173683
1240	2	2	13.4	1	0:00:00.174985
1260	1	1	15.6	1	0:00:00.173395
1280	3	3	4.47	1	0:00:00.172815
1300	4	4	13.0	1	0:00:00.173296
1320	7	7	17.0	1	0:00:00.173145
1340	1	1	18.1	1	0:00:00.346317
1360	7	7	9.06	1	0:00:00.173446
1380	4	4	6.0	1	0:00:00.173849
1400	5	5	10.0	1	0:00:00.172836
1420	4	4	6.4	1	0:00:00.174850
1440	0	0	7.07	1	0:00:00.173284
1460	6	6	23.3	1	0:00:00.348317
1480	1	1	1.41	1	0:00:00.175748
1500	1	1	12.2	1	0:00:00.172745
1520	7	7	17.0	1	0:00:00.174393
1540	8	8	15.0	1	0:00:00.175317
1560	7	7	13.0	1	0:00:00.173312
1580	6	7	0.0	0	0:00:00.173103
1600	8	8	1.0	1	0:00:00.173026
1620	5	3	0.0	0	0:00:00.173218
1640	7	3	0.0	0	0:00:00.173877
1660	3	3	12.1	1	0:00:00.174063
1680	6	6	14.1	1	0:00:00.173347
1700	5	5	18.0	1	0:00:00.347968
1720	4	4	13.0	1	0:00:00.173163
1740	1	1	10.2	1	0:00:00.173366
1760	0	0	15.0	1	0:00:00.173506
1780	7	7	1.0	1	0:00:00.173381
1800	4	4	13.9	1	0:00:00.173599
1820	8	8	16.1	1	0:00:00.173250
1840	8	8	5.83	1	0:00:00.174531
1860	8	8	5.0	1	0:00:00.173125
1880	1	1	15.0	1	0:00:00.173160
1900	8	8	19.2	1	0:00:00.349013
1920	2	2	20.1	1	0:00:00.348915
1940	5	5	2.0	1	0:00:00.175379
1960	2	2	13.4	1	0:00:00.173926
1980	9	9	11.4	1	0:00:00.173760
2000	1	1	12.8	1	0:00:00.174170
2020	9	9	19.0	1	0:00:00.346381
2040	0	0	16.0	1	0:00:00.173719
2060	5	5	10.2	1	0:00:00.172826
2080	1	1	10.2	1	0:00:00.174440
2100	2	2	13.0	1	0:00:00.174119
2120	4	4	7.28	1	0:00:00.173918
2140	9	9	22.0	1	0:00:00.347205
2160	0	0	15.6	1	0:00:00.175023
2180	4	4	23.0	1	0:00:00.347728
2200	0	0	12.8	1	0:00:00.173963
2220	1	1	18.0	1	0:00:00.348609
2240	9	9	6.08	1	0:00:00.174807
2260	4	4	12.2	1	0:00:00.173405
2280	4	4	10.8	1	0:00:00.174338
2300	3	2	0.0	0	0:00:00.175335
2320	5	5	4.0	1	0:00:00.173838
2340	7	7	21.0	1	0:00:00.347303
2360	7	7	7.81	1	0:00:00.173614
2380	8	8	15.0	1	0:00:00.173100
2400	0	0	16.0	1	0:00:00.173373
2420	8	8	13.6	1	0:00:00.173609
2440	7	7	7.0	1	0:00:00.173211
2460	9	9	21.0	1	0:00:00.347656
2480	8	8	13.9	1	0:00:00.173447
2500	4	4	8.0	1	0:00:00.174787
2520	1	1	12.0	1	0:00:00.173929
2540	2	2	4.12	1	0:00:00.174450
2560	7	7	17.0	1	0:00:00.174152
2580	6	3	0.0	0	0:00:00.175282
2600	8	8	19.0	1	0:00:00.348477
2620	1	1	15.0	1	0:00:00.174089
2640	7	7	12.0	1	0:00:00.173724
2660	3	3	2.24	1	0:00:00.174076
2680	0	0	21.9	1	0:00:00.348560
2700	9	9	8.25	1	0:00:00.173979
2720	3	3	11.7	1	0:00:00.173972
2740	1	1	9.0	1	0:00:00.174835
2760	2	2	9.0	1	0:00:00.174417
2780	7	7	18.6	1	0:00:00.348458
2800	4	4	16.0	1	0:00:00.173444
2820	6	6	20.1	1	0:00:00.347419
2840	3	3	10.0	1	0:00:00.173265
2860	5	5	12.7	1	0:00:00.173867
2880	4	4	24.4	1	0:00:00.347549
2900	3	2	0.0	0	0:00:00.175606
2920	2	2	14.0	1	0:00:00.174779
2940	3	0	0.0	0	0:00:00.174795
2960	9	0	0.0	0	0:00:00.177515
2980	8	8	14.0	1	0:00:00.174621
3000	5	5	13.0	1	0:00:00.174471
3020	1	1	14.6	1	0:00:00.176346
3040	7	7	14.9	1	0:00:00.176624
3060	7	7	15.8	1	0:00:00.174318
3080	1	1	14.3	1	0:00:00.175221
3100	0	0	13.0	1	0:00:00.174101
3120	4	4	10.0	1	0:00:00.174260
3140	8	8	24.2	1	0:00:00.350075
3160	6	2	0.0	0	0:00:00.173646
3180	3	3	1.0	1	0:00:00.174930
3200	5	5	18.0	1	0:00:00.352912
3220	3	9	0.0	0	0:00:00.174420
3240	4	3	0.0	0	0:00:00.174217
3260	7	7	21.2	1	0:00:00.352437
3280	3	3	10.8	1	0:00:00.174270
3300	4	4	15.0	1	0:00:00.176766
3320	2	4	0.0	0	0:00:00.174435
3340	6	6	17.7	1	0:00:00.174715
3360	4	4	14.0	1	0:00:00.176647
3380	8	8	13.0	1	0:00:00.174787
3400	6	1	0.0	0	0:00:00.174822
3420	5	5	4.12	1	0:00:00.176741
3440	2	2	10.2	1	0:00:00.175757
3460	1	1	12.7	1	0:00:00.175645
3480	2	2	15.3	1	0:00:00.175610
3500	1	1	6.32	1	0:00:00.174499
3520	1	1	17.7	1	0:00:00.174930
3540	6	6	16.2	1	0:00:00.173991
3560	1	9	0.0	0	0:00:00.174681
3580	4	4	7.21	1	0:00:00.174788
3600	4	2	0.0	0	0:00:00.174899
3620	0	0	11.0	1	0:00:00.173699
3640	6	6	16.0	1	0:00:00.176239
3660	0	0	16.1	1	0:00:00.174716
3680	0	0	14.4	1	0:00:00.173998
3700	3	3	5.0	1	0:00:00.176573
3720	2	2	18.8	1	0:00:00.349592
3740	0	0	20.0	1	0:00:00.350696
3760	7	7	21.0	1	0:00:00.352430
3780	4	4	1.0	1	0:00:00.175231
3800	9	9	19.2	1	0:00:00.350348
3820	0	0	10.0	1	0:00:00.175093
3840	6	6	1.0	1	0:00:00.175810
3860	7	7	19.3	1	0:00:00.350620
3880	6	6	21.0	1	0:00:00.348622
3900	3	3	4.0	1	0:00:00.175189
3920	7	7	10.2	1	0:00:00.176804
3940	6	6	7.07	1	0:00:00.174586
3960	2	2	21.0	1	0:00:00.350229
3980	9	0	0.0	0	0:00:00.174721
4000	8	0	0.0	0	0:00:00.175007
4020	8	0	0.0	0	0:00:00.178018
4040	0	0	19.1	1	0:00:00.351248
4060	6	6	17.3	1	0:00:00.177175
4080	1	1	23.2	1	0:00:00.352190
4100	7	7	23.4	1	0:00:00.350541
4120	4	4	18.0	1	0:00:00.350551
4140	5	3	0.0	0	0:00:00.175504
4160	5	5	20.4	1	0:00:00.351062
4180	0	0	2.83	1	0:00:00.175140
4200	4	4	14.9	1	0:00:00.174668
4220	4	4	2.24	1	0:00:00.175050
4240	7	7	13.4	1	0:00:00.174503
4260	8	8	13.2	1	0:00:00.175729
4280	8	8	2.24	1	0:00:00.174626
4300	8	8	14.1	1	0:00:00.174643
4320	1	1	1.0	1	0:00:00.174595
4340	0	0	20.6	1	0:00:00.351263
4360	6	6	14.0	1	0:00:00.175801
4380	9	9	15.3	1	0:00:00.178138
4400	3	3	9.49	1	0:00:00.176797
4420	5	5	12.0	1	0:00:00.176003
4440	2	2	15.3	1	0:00:00.175544
4460	9	9	11.7	1	0:00:00.176708
4480	9	9	20.2	1	0:00:00.352839
4500	3	3	11.2	1	0:00:00.177666
4520	3	3	7.21	1	0:00:00.176179
4540	9	9	19.1	1	0:00:00.351142
4560	1	1	19.2	1	0:00:00.349250
4580	6	6	19.7	1	0:00:00.350068
4600	4	4	14.0	1	0:00:00.174811
4620	7	7	2.0	1	0:00:00.175454
4640	2	2	19.7	1	0:00:00.350659
4660	7	7	7.62	1	0:00:00.175843
4680	9	9	23.6	1	0:00:00.352420
4700	6	6	11.0	1	0:00:00.177735
4720	8	8	16.0	1	0:00:00.176541
4740	5	3	0.0	0	0:00:00.175664
4760	3	0	0.0	0	0:00:00.176307
4780	0	0	1.0	1	0:00:00.175932
4800	9	9	17.0	1	0:00:00.178835
4820	3	2	0.0	0	0:00:00.176155
4840	0	0	13.5	1	0:00:00.176191
4860	5	5	21.0	1	0:00:00.350777
4880	0	0	6.0	1	0:00:00.176372
4900	3	3	10.2	1	0:00:00.177325
4920	7	7	16.3	1	0:00:00.175048
4940	6	6	18.4	1	0:00:00.350490
4960	4	4	9.06	1	0:00:00.174948
4980	1	1	16.6	1	0:00:00.176220
5000	7	7	16.0	1	0:00:00.175954
5020	8	8	18.9	1	0:00:00.353952
5040	3	1	0.0	0	0:00:00.177944
5060	6	3	0.0	0	0:00:00.175293
5080	7	7	19.0	1	0:00:00.353816
5100	3	3	10.4	1	0:00:00.176049
5120	9	9	9.43	1	0:00:00.176741
5140	8	8	23.0	1	0:00:00.351955
5160	0	0	11.4	1	0:00:00.179107
5180	9	9	8.06	1	0:00:00.175941
5200	3	5	0.0	0	0:00:00.175243
5220	0	0	18.4	1	0:00:00.349342
5240	1	1	9.0	1	0:00:00.178063
5260	0	0	26.4	1	0:00:00.526057
5280	0	0	8.54	1	0:00:00.175579
5300	9	9	19.8	1	0:00:00.352615
5320	7	3	0.0	0	0:00:00.176732
5340	3	4	0.0	0	0:00:00.176174
5360	9	9	12.2	1	0:00:00.177109
5380	1	1	14.8	1	0:00:00.175960
5400	9	9	15.0	1	0:00:00.176192
5420	6	6	15.0	1	0:00:00.176591
5440	9	9	21.0	1	0:00:00.351204
5460	0	3	0.0	0	0:00:00.175827
5480	1	1	17.0	1	0:00:00.175588
5500	8	8	17.9	1	0:00:00.350505
5520	4	4	8.25	1	0:00:00.175570
5540	5	5	9.06	1	0:00:00.176285
5560	3	5	0.0	0	0:00:00.175121
5580	5	5	4.47	1	0:00:00.174964
5600	6	2	0.0	0	0:00:00.177159
5620	3	3	1.0	1	0:00:00.176169
5640	2	5	0.0	0	0:00:00.177356
5660	9	9	7.0	1	0:00:00.178803
5680	2	2	7.81	1	0:00:00.176870
5700	3	3	1.0	1	0:00:00.176657
5720	9	9	21.1	1	0:00:00.352336
5740	6	6	3.16	1	0:00:00.175910
5760	2	2	14.9	1	0:00:00.178196
5780	7	7	20.6	1	0:00:00.353608
5800	2	2	11.4	1	0:00:00.176354
5820	5	7	0.0	0	0:00:00.175714
5840	2	3	0.0	0	0:00:00.177936
5860	0	0	1.0	1	0:00:00.175168
5880	0	0	19.0	1	0:00:00.350380
5900	4	2	0.0	0	0:00:00.175916
5920	8	8	16.0	1	0:00:00.175801
5940	7	2	0.0	0	0:00:00.176289
5960	2	2	2.24	1	0:00:00.177871
5980	9	9	19.4	1	0:00:00.351914
6000	8	8	1.0	1	0:00:00.176291
6020	6	6	16.1	1	0:00:00.175827
6040	2	2	6.08	1	0:00:00.177072
6060	3	3	3.61	1	0:00:00.177187
6080	1	1	10.0	1	0:00:00.177097
6100	1	1	12.1	1	0:00:00.176565
6120	5	5	13.0	1	0:00:00.176026
6140	9	9	18.0	1	0:00:00.352074
6160	2	6	0.0	0	0:00:00.176056
6180	0	0	13.5	1	0:00:00.175524
6200	3	3	11.0	1	0:00:00.175591
6220	2	2	10.6	1	0:00:00.175635
6240	2	2	11.2	1	0:00:00.176219
6260	2	2	8.25	1	0:00:00.175416
6280	8	8	1.0	1	0:00:00.176606
6300	1	1	14.1	1	0:00:00.177795
6320	0	0	9.9	1	0:00:00.176144
6340	3	3	2.24	1	0:00:00.176980
6360	2	2	16.4	1	0:00:00.178941
6380	3	3	5.0	1	0:00:00.175514
6400	0	2	0.0	0	0:00:00.179071
6420	7	7	15.0	1	0:00:00.177080
6440	3	3	13.0	1	0:00:00.176466
6460	3	3	12.0	1	0:00:00.176505
6480	0	0	1.0	1	0:00:00.175717
6500	7	7	7.0	1	0:00:00.176409
6520	6	6	9.22	1	0:00:00.178476
6540	8	8	14.9	1	0:00:00.175631
6560	6	6	20.6	1	0:00:00.350108
6580	1	1	9.22	1	0:00:00.175791
6600	7	7	14.8	1	0:00:00.175634
6620	7	7	18.0	1	0:00:00.351525
6640	5	3	0.0	0	0:00:00.176401
6660	0	0	11.7	1	0:00:00.176138
6680	3	3	10.6	1	0:00:00.176557
6700	6	6	9.22	1	0:00:00.176276
6720	2	2	14.0	1	0:00:00.176318
6740	2	2	13.0	1	0:00:00.176022
6760	5	5	15.8	1	0:00:00.176338
6780	7	7	24.0	1	0:00:00.352001
6800	6	6	9.49	1	0:00:00.176941
6820	1	1	17.8	1	0:00:00.176458
6840	9	9	18.4	1	0:00:00.351864
6860	0	0	2.0	1	0:00:00.175854
6880	2	2	11.2	1	0:00:00.175736
6900	3	3	11.2	1	0:00:00.175942
6920	5	5	10.0	1	0:00:00.180587
6940	1	1	18.2	1	0:00:00.353258
6960	9	9	12.0	1	0:00:00.175993
6980	0	0	3.16	1	0:00:00.176580
7000	2	8	0.0	0	0:00:00.177322
7020	7	7	20.2	1	0:00:00.353371
7040	7	0	0.0	0	0:00:00.175805
7060	8	8	15.7	1	0:00:00.176824
7080	5	5	1.0	1	0:00:00.176748
7100	9	9	12.2	1	0:00:00.177120
7120	7	7	2.0	1	0:00:00.176254
7140	4	4	11.2	1	0:00:00.176951
7160	5	5	14.0	1	0:00:00.176473
7180	6	6	23.0	1	0:00:00.352074
7200	4	4	12.8	1	0:00:00.175473
7220	9	9	9.43	1	0:00:00.175973
7240	0	0	14.4	1	0:00:00.176062
7260	1	1	15.0	1	0:00:00.176361
7280	1	1	3.0	1	0:00:00.177034
7300	3	3	1.41	1	0:00:00.184990
7320	8	0	0.0	0	0:00:00.187368
7340	2	2	16.0	1	0:00:00.186723
7360	2	2	1.0	1	0:00:00.186269
7380	7	7	14.3	1	0:00:00.183121
7400	3	7	0.0	0	0:00:00.180769
7420	3	4	0.0	0	0:00:00.178313
7440	3	7	0.0	0	0:00:00.177885
7460	5	5	9.0	1	0:00:00.177751
7480	1	1	14.4	1	0:00:00.176929
7500	6	6	14.3	1	0:00:00.177288
7520	4	4	1.41	1	0:00:00.178180
7540	5	5	20.0	1	0:00:00.354933
7560	0	0	13.6	1	0:00:00.177837
7580	8	8	17.0	1	0:00:00.177347
7600	8	1	0.0	0	0:00:00.177049
7620	5	4	0.0	0	0:00:00.178895
7640	9	9	3.61	1	0:00:00.180537
7660	7	7	8.06	1	0:00:00.183207
7680	3	3	1.0	1	0:00:00.180600
7700	6	6	23.3	1	0:00:00.355657
7720	5	5	9.06	1	0:00:00.175850
7740	4	4	13.6	1	0:00:00.178411
7760	2	2	1.0	1	0:00:00.190929
7780	3	3	12.0	1	0:00:00.192089
7800	0	0	15.6	1	0:00:00.192256
7820	5	3	0.0	0	0:00:00.192647
7840	1	1	20.2	1	0:00:00.381456
7860	8	8	13.0	1	0:00:00.188281
7880	0	0	19.8	1	0:00:00.360980
7900	0	0	6.08	1	0:00:00.178193
7920	9	9	10.2	1	0:00:00.181943
7940	2	2	1.0	1	0:00:00.192670
7960	0	0	12.0	1	0:00:00.192024
7980	3	3	1.41	1	0:00:00.196501
8000	9	9	14.0	1	0:00:00.190125
8020	6	6	5.0	1	0:00:00.187790
8040	2	2	20.0	1	0:00:00.362122
8060	6	6	21.4	1	0:00:00.355424
8080	4	4	6.4	1	0:00:00.177795
8100	6	6	13.0	1	0:00:00.176647
8120	8	8	17.0	1	0:00:00.176843
8140	5	5	10.0	1	0:00:00.176982
8160	6	6	15.8	1	0:00:00.176821
8180	4	4	10.3	1	0:00:00.176802
8200	3	3	9.0	1	0:00:00.176959
8220	6	6	4.12	1	0:00:00.176800
8240	7	7	18.8	1	0:00:00.357977
8260	1	1	17.7	1	0:00:00.183769
8280	4	4	6.0	1	0:00:00.182590
8300	5	7	0.0	0	0:00:00.180256
8320	7	7	14.8	1	0:00:00.178425
8340	5	5	1.0	1	0:00:00.176424
8360	7	7	21.6	1	0:00:00.352173
8380	9	9	13.5	1	0:00:00.182194
8400	0	0	16.6	1	0:00:00.192833
8420	3	6	0.0	0	0:00:00.192932
8440	5	5	2.24	1	0:00:00.192880
8460	8	8	12.0	1	0:00:00.191683
8480	2	2	9.22	1	0:00:00.190340
8500	4	4	19.2	1	0:00:00.378122
8520	8	8	10.0	1	0:00:00.192406
8540	4	4	13.3	1	0:00:00.186226
8560	7	7	15.0	1	0:00:00.182110
8580	3	5	0.0	0	0:00:00.182321
8600	3	3	16.0	1	0:00:00.178852
8620	3	3	2.0	1	0:00:00.177848
8640	1	1	13.0	1	0:00:00.177922
8660	7	7	15.2	1	0:00:00.176596
8680	3	3	10.3	1	0:00:00.176222
8700	3	3	14.9	1	0:00:00.176304
8720	2	0	0.0	0	0:00:00.176309
8740	2	2	14.0	1	0:00:00.176606
8760	8	8	19.1	1	0:00:00.371726
8780	4	4	13.3	1	0:00:00.192361
8800	0	0	12.2	1	0:00:00.192479
8820	2	2	10.8	1	0:00:00.192401
8840	2	2	1.41	1	0:00:00.193557
8860	2	2	11.7	1	0:00:00.189798
8880	1	1	16.0	1	0:00:00.184181
8900	2	2	5.1	1	0:00:00.181257
8920	6	6	20.6	1	0:00:00.366058
8940	6	0	0.0	0	0:00:00.180545
8960	0	0	10.6	1	0:00:00.178187
8980	9	9	19.2	1	0:00:00.354842
9000	8	8	22.0	1	0:00:00.355718
9020	7	7	17.0	1	0:00:00.176665
9040	2	5	0.0	0	0:00:00.177187
9060	9	9	20.2	1	0:00:00.369187
9080	3	5	0.0	0	0:00:00.191538
9100	9	9	19.8	1	0:00:00.383254
9120	3	3	1.0	1	0:00:00.192866
9140	7	7	14.9	1	0:00:00.194436
9160	5	4	0.0	0	0:00:00.187224
9180	5	5	13.6	1	0:00:00.184571
9200	8	8	12.4	1	0:00:00.180047
9220	8	8	17.1	1	0:00:00.178329
9240	8	8	21.5	1	0:00:00.353198
9260	5	3	0.0	0	0:00:00.176404
9280	9	9	17.0	1	0:00:00.175971
9300	5	3	0.0	0	0:00:00.175397
9320	9	9	21.2	1	0:00:00.352635
9340	1	1	20.6	1	0:00:00.358902
9360	5	0	0.0	0	0:00:00.192669
9380	5	5	1.0	1	0:00:00.192407
9400	6	6	23.8	1	0:00:00.385206
9420	5	5	6.08	1	0:00:00.189036
9440	8	8	17.0	1	0:00:00.187971
9460	3	3	20.2	1	0:00:00.384107
9480	2	2	16.1	1	0:00:00.187763
9500	9	9	19.0	1	0:00:00.368822
9520	1	1	15.0	1	0:00:00.179775
9540	5	5	18.4	1	0:00:00.362961
9560	9	9	11.2	1	0:00:00.178848
9580	1	1	18.0	1	0:00:00.355975
9600	8	8	20.2	1	0:00:00.353991
9620	4	4	10.2	1	0:00:00.176483
9640	5	5	8.94	1	0:00:00.176858
9660	6	6	20.0	1	0:00:00.355831
9680	8	8	15.0	1	0:00:00.177311
9700	0	0	7.07	1	0:00:00.176739
9720	8	8	11.0	1	0:00:00.176371
9740	3	3	4.12	1	0:00:00.177032
9760	9	9	8.25	1	0:00:00.177334
9780	4	5	0.0	0	0:00:00.185199
9800	1	1	19.7	1	0:00:00.358701
9820	0	8	0.0	0	0:00:00.176070
9840	4	7	0.0	0	0:00:00.176500
9860	0	3	0.0	0	0:00:00.175941
9880	7	7	7.81	1	0:00:00.176585
9900	8	8	13.0	1	0:00:00.177742
9920	6	6	13.0	1	0:00:00.185842
9940	4	2	0.0	0	0:00:00.184489
9960	2	0	0.0	0	0:00:00.179714
9980	0	0	22.5	1	0:00:00.353025
