idx	label	predict	radius	correct	time
0	3	3	3.39	1	0:00:30.924926
20	7	5	1.58	0	0:00:30.386016
40	4	4	3.48	1	0:00:30.029565
60	7	7	5.83	1	0:00:30.536717
80	8	8	9.43	1	0:00:31.085134
100	4	7	4.58	0	0:00:30.952717
120	8	8	1.78	1	0:00:30.765466
140	6	6	4.6	1	0:00:31.409542
160	2	2	8.77	1	0:00:31.432791
180	0	0	5.9	1	0:00:30.915794
200	5	5	1.35	1	0:00:31.121952
220	7	7	6.43	1	0:00:31.291396
240	1	1	8.3	1	0:00:31.474412
260	8	6	3.33	0	0:00:31.335904
280	9	9	9.43	1	0:00:31.002898
300	6	6	6.96	1	0:00:30.768707
320	3	5	5.78	0	0:00:30.865203
340	2	5	1.66	0	0:00:30.951382
360	9	9	9.43	1	0:00:31.006387
380	6	6	1.72	1	0:00:30.937443
400	9	9	8.28	1	0:00:31.261296
420	4	4	9.43	1	0:00:31.195116
440	1	9	5.59	0	0:00:30.980629
460	5	5	6.95	1	0:00:31.270523
480	8	9	2.08	0	0:00:30.729541
500	4	4	1.42	1	0:00:31.239549
520	5	7	3.17	0	0:00:30.766225
540	1	1	6.41	1	0:00:30.894134
560	0	0	6.75	1	0:00:30.954520
580	4	4	8.96	1	0:00:30.903848
600	8	8	3.51	1	0:00:30.357782
620	7	7	9.43	1	0:00:30.542266
640	5	5	4.73	1	0:00:30.973063
660	9	9	9.43	1	0:00:30.865343
680	9	-1	0.0	0	0:00:30.324952
700	7	7	4.75	1	0:00:31.093340
720	4	7	4.39	0	0:00:31.264447
740	2	5	0.9	0	0:00:30.899629
760	3	-1	0.0	0	0:00:30.794971
780	9	9	6.89	1	0:00:31.103514
800	7	7	9.43	1	0:00:30.475012
820	6	6	8.54	1	0:00:30.403032
840	7	7	9.43	1	0:00:30.856341
860	4	4	1.96	1	0:00:30.739205
880	8	8	9.43	1	0:00:30.642813
900	2	3	1.09	0	0:00:30.836960
920	6	6	9.27	1	0:00:30.658145
940	9	9	9.43	1	0:00:30.920868
960	9	7	3.84	0	0:00:31.075886
980	2	6	9.43	0	0:00:30.989293
1000	5	5	8.86	1	0:00:31.222039
1020	1	1	6.81	1	0:00:31.094904
1040	7	5	9.27	0	0:00:30.843386
1060	9	9	9.43	1	0:00:30.953530
1080	6	6	9.43	1	0:00:30.795476
1100	7	-1	0.0	0	0:00:31.197116
1120	5	2	4.82	0	0:00:31.024076
1140	6	6	2.89	1	0:00:30.881923
1160	8	8	6.98	1	0:00:30.729089
1180	3	3	9.27	1	0:00:31.002173
1200	8	8	4.76	1	0:00:30.771693
1220	9	7	1.08	0	0:00:31.043717
1240	2	6	4.91	0	0:00:30.895473
1260	1	1	3.78	1	0:00:30.782669
1280	3	5	3.47	0	0:00:31.028733
1300	4	4	5.26	1	0:00:30.936405
1320	7	7	3.94	1	0:00:31.413409
1340	1	1	2.55	1	0:00:31.072280
1360	7	7	6.28	1	0:00:31.127878
1380	4	5	0.717	0	0:00:30.904302
1400	5	5	3.48	1	0:00:30.977545
1420	4	7	2.77	0	0:00:31.004963
1440	0	8	2.77	0	0:00:30.303813
1460	6	6	7.08	1	0:00:30.381613
1480	1	5	4.48	0	0:00:31.684951
1500	1	1	7.14	1	0:00:30.162762
1520	7	7	9.43	1	0:00:31.294743
1540	8	8	9.43	1	0:00:30.778445
1560	7	2	1.25	0	0:00:30.656240
1580	6	5	2.06	0	0:00:30.699440
1600	8	9	1.37	0	0:00:30.476233
1620	5	-1	0.0	0	0:00:30.779000
1640	7	7	4.76	1	0:00:30.595616
1660	3	5	0.638	0	0:00:30.565922
1680	6	6	1.53	1	0:00:30.653645
1700	5	5	5.76	1	0:00:31.467470
1720	4	4	2.36	1	0:00:30.845428
1740	1	1	2.65	1	0:00:30.779431
1760	0	0	9.43	1	0:00:30.887745
1780	7	7	4.93	1	0:00:30.336282
1800	4	2	1.86	0	0:00:30.465953
1820	8	8	2.94	1	0:00:30.800189
1840	8	8	3.77	1	0:00:30.839157
1860	8	8	6.16	1	0:00:30.920618
1880	1	1	9.27	1	0:00:30.627084
1900	8	8	9.27	1	0:00:30.929434
1920	2	2	3.25	1	0:00:30.993881
1940	5	5	1.63	1	0:00:30.645702
1960	2	5	7.37	0	0:00:30.505768
1980	9	9	9.43	1	0:00:30.633057
2000	1	1	2.26	1	0:00:30.408303
2020	9	9	8.23	1	0:00:31.169469
2040	0	0	8.38	1	0:00:30.592798
2060	5	3	4.46	0	0:00:30.726733
2080	1	9	5.29	0	0:00:31.130747
2100	2	2	5.34	1	0:00:30.513621
2120	4	8	4.84	0	0:00:31.103764
2140	9	9	5.23	1	0:00:30.850050
2160	0	0	7.42	1	0:00:30.817959
2180	4	4	9.43	1	0:00:31.112517
2200	0	0	9.43	1	0:00:31.034217
2220	1	1	6.72	1	0:00:30.834034
2240	9	9	9.43	1	0:00:30.878251
2260	4	4	7.49	1	0:00:30.532423
2280	4	4	3.8	1	0:00:30.633604
2300	3	2	3.28	0	0:00:30.899874
2320	5	2	9.17	0	0:00:30.763636
2340	7	7	7.01	1	0:00:30.734679
2360	7	7	4.85	1	0:00:31.158607
2380	8	8	9.43	1	0:00:31.022297
2400	0	0	5.11	1	0:00:31.177795
2420	8	-1	0.0	0	0:00:30.994054
2440	7	7	3.2	1	0:00:30.925038
2460	9	3	2.4	0	0:00:30.580716
2480	8	8	9.43	1	0:00:30.262869
2500	4	4	8.12	1	0:00:30.744492
2520	1	1	9.43	1	0:00:30.922773
2540	2	6	1.35	0	0:00:31.436575
2560	7	7	7.8	1	0:00:31.278204
2580	6	6	4.27	1	0:00:30.811759
2600	8	8	9.43	1	0:00:30.939027
2620	1	-1	0.0	0	0:00:31.139695
2640	7	7	6.8	1	0:00:30.869093
2660	3	5	1.0	0	0:00:30.760006
2680	0	0	9.43	1	0:00:30.977359
2700	9	9	4.23	1	0:00:30.424843
2720	3	3	8.74	1	0:00:30.687995
2740	1	1	7.48	1	0:00:30.941558
2760	2	2	9.43	1	0:00:31.085637
2780	7	7	5.61	1	0:00:31.209800
2800	4	4	9.43	1	0:00:30.821342
2820	6	6	9.43	1	0:00:30.868658
2840	3	3	9.43	1	0:00:30.718919
2860	5	5	5.62	1	0:00:30.951406
2880	4	4	7.33	1	0:00:31.066358
2900	3	5	4.98	0	0:00:30.689507
2920	2	2	6.53	1	0:00:30.997819
2940	3	3	3.73	1	0:00:30.866830
2960	9	9	6.3	1	0:00:30.195007
2980	8	8	7.7	1	0:00:30.540099
3000	5	5	9.27	1	0:00:30.747981
3020	1	8	0.391	0	0:00:30.711173
3040	7	7	9.43	1	0:00:30.882562
3060	7	7	7.74	1	0:00:31.056309
3080	1	0	4.17	0	0:00:31.073567
3100	0	0	9.43	1	0:00:30.834863
3120	4	6	2.4	0	0:00:30.625027
3140	8	9	1.22	0	0:00:30.556958
3160	6	2	8.54	0	0:00:30.764360
3180	3	3	1.33	1	0:00:30.855494
3200	5	5	7.58	1	0:00:31.316135
3220	3	5	1.2	0	0:00:31.048526
3240	4	0	2.5	0	0:00:31.113600
3260	7	0	0.84	0	0:00:30.954212
3280	3	5	6.79	0	0:00:30.561438
3300	4	4	6.17	1	0:00:30.598318
3320	2	7	5.04	0	0:00:30.669644
3340	6	6	9.43	1	0:00:30.482743
3360	4	2	0.0882	0	0:00:30.149331
3380	8	8	4.57	1	0:00:30.067695
3400	6	4	7.09	0	0:00:30.985549
3420	5	3	9.43	0	0:00:30.888257
3440	2	2	1.48	1	0:00:31.376063
3460	1	1	6.31	1	0:00:30.964127
3480	2	2	9.43	1	0:00:30.639000
3500	1	1	2.34	1	0:00:30.886461
3520	1	1	9.27	1	0:00:30.997818
3540	6	6	8.42	1	0:00:31.113770
3560	1	8	3.55	0	0:00:30.529514
3580	4	4	6.06	1	0:00:30.179509
3600	4	2	6.6	0	0:00:30.266903
3620	0	0	2.86	1	0:00:30.725108
3640	6	6	1.07	1	0:00:30.505111
3660	0	0	8.18	1	0:00:30.125683
3680	0	7	2.27	0	0:00:30.618499
3700	3	3	7.7	1	0:00:30.476959
3720	2	2	4.71	1	0:00:30.678132
3740	0	0	9.43	1	0:00:30.937020
3760	7	7	8.54	1	0:00:30.592316
3780	4	-1	0.0	0	0:00:30.580166
3800	9	9	8.9	1	0:00:30.771501
3820	0	-1	0.0	0	0:00:31.199289
3840	6	3	3.92	0	0:00:30.588928
3860	7	7	9.43	1	0:00:30.628434
3880	6	6	8.24	1	0:00:31.203713
3900	3	3	6.09	1	0:00:30.648829
3920	7	5	1.89	0	0:00:31.014431
3940	6	3	3.43	0	0:00:30.650499
3960	2	2	4.7	1	0:00:30.808200
3980	9	8	0.914	0	0:00:30.528298
4000	8	8	1.85	1	0:00:31.584181
4020	8	8	8.59	1	0:00:30.704153
4040	0	0	9.43	1	0:00:30.645355
4060	6	3	3.1	0	0:00:31.040094
4080	1	1	6.98	1	0:00:30.297505
4100	7	7	9.43	1	0:00:30.507175
4120	4	-1	0.0	0	0:00:30.780993
4140	5	3	2.24	0	0:00:30.589416
4160	5	5	5.02	1	0:00:30.666917
4180	0	0	1.07	1	0:00:30.459878
4200	4	2	2.71	0	0:00:31.082003
4220	4	0	9.43	0	0:00:30.682948
4240	7	7	2.86	1	0:00:30.542371
4260	8	8	9.43	1	0:00:30.602111
4280	8	9	5.86	0	0:00:30.649923
4300	8	8	9.17	1	0:00:30.716366
4320	1	8	3.81	0	0:00:30.864913
4340	0	0	9.43	1	0:00:30.871571
4360	6	6	1.92	1	0:00:30.784839
4380	9	9	3.96	1	0:00:30.809527
4400	3	3	8.96	1	0:00:30.652395
4420	5	4	2.4	0	0:00:30.625344
4440	2	2	7.73	1	0:00:30.587997
4460	9	9	2.52	1	0:00:30.852401
4480	9	9	5.54	1	0:00:30.583946
4500	3	3	6.41	1	0:00:30.217499
4520	3	3	2.53	1	0:00:30.125327
4540	9	9	9.43	1	0:00:30.734510
4560	1	1	9.43	1	0:00:31.283639
4580	6	6	4.82	1	0:00:30.375082
4600	4	4	3.59	1	0:00:30.446581
4620	7	7	0.946	1	0:00:30.655201
4640	2	2	5.28	1	0:00:29.906700
4660	7	7	5.82	1	0:00:30.065714
4680	9	1	5.8	0	0:00:30.470381
4700	6	5	0.391	0	0:00:30.056895
4720	8	8	6.95	1	0:00:30.131528
4740	5	2	4.34	0	0:00:30.043488
4760	3	3	3.56	1	0:00:29.973778
4780	0	0	4.24	1	0:00:30.097162
4800	9	9	9.27	1	0:00:29.942590
4820	3	3	9.43	1	0:00:30.035616
4840	0	0	9.43	1	0:00:30.135852
4860	5	5	5.62	1	0:00:30.030544
4880	0	7	5.09	0	0:00:30.121284
4900	3	3	9.43	1	0:00:30.109441
4920	7	7	4.21	1	0:00:30.078595
4940	6	6	7.82	1	0:00:30.003690
4960	4	4	9.43	1	0:00:29.882210
4980	1	1	2.06	1	0:00:29.738867
5000	7	7	9.43	1	0:00:29.718723
5020	8	8	5.25	1	0:00:29.798728
5040	3	5	2.15	0	0:00:30.086872
5060	6	6	9.17	1	0:00:29.994148
5080	7	7	4.29	1	0:00:29.952410
5100	3	3	9.43	1	0:00:30.062191
5120	9	8	1.29	0	0:00:29.982975
5140	8	8	4.03	1	0:00:29.929277
5160	0	0	5.77	1	0:00:29.832384
5180	9	9	4.29	1	0:00:29.937209
5200	3	5	3.23	0	0:00:29.977454
5220	0	8	1.22	0	0:00:29.822757
5240	1	1	2.6	1	0:00:29.936559
5260	0	0	9.43	1	0:00:29.894788
5280	0	4	2.44	0	0:00:29.823137
5300	9	9	2.48	1	0:00:30.086159
5320	7	2	1.93	0	0:00:29.878683
5340	3	4	2.49	0	0:00:29.894962
5360	9	9	2.09	1	0:00:29.909549
5380	1	1	3.23	1	0:00:29.727313
5400	9	1	1.87	0	0:00:29.789778
5420	6	6	9.17	1	0:00:29.888667
5440	9	9	3.36	1	0:00:30.011056
5460	0	1	6.25	0	0:00:29.987112
5480	1	1	9.43	1	0:00:30.004381
5500	8	1	9.43	0	0:00:29.985231
5520	4	6	0.578	0	0:00:29.956147
5540	5	5	9.01	1	0:00:29.964695
5560	3	5	4.9	0	0:00:29.885399
5580	5	3	9.27	0	0:00:29.893739
5600	6	9	9.43	0	0:00:30.071684
5620	3	3	4.03	1	0:00:30.043923
5640	2	2	2.76	1	0:00:29.982858
5660	9	9	2.64	1	0:00:30.109943
5680	2	2	3.34	1	0:00:30.675098
5700	3	3	9.43	1	0:00:31.393294
5720	9	9	9.27	1	0:00:30.851217
5740	6	6	9.43	1	0:00:31.002117
5760	2	2	1.04	1	0:00:31.232435
5780	7	7	9.43	1	0:00:31.689528
5800	2	2	1.06	1	0:00:31.502626
5820	5	5	8.09	1	0:00:31.292074
5840	2	5	5.61	0	0:00:31.283864
5860	0	9	4.54	0	0:00:31.458798
5880	0	0	9.43	1	0:00:31.320179
5900	4	3	0.777	0	0:00:30.857850
5920	8	8	9.01	1	0:00:30.980828
5940	7	6	2.84	0	0:00:30.851552
5960	2	2	6.46	1	0:00:30.884898
5980	9	9	7.58	1	0:00:30.787184
6000	8	8	3.46	1	0:00:31.150134
6020	6	6	8.33	1	0:00:30.907693
6040	2	7	6.48	0	0:00:30.938351
6060	3	0	1.06	0	0:00:31.000382
6080	1	1	1.64	1	0:00:30.731268
6100	1	1	9.43	1	0:00:30.823553
6120	5	5	4.73	1	0:00:30.914288
6140	9	9	7.6	1	0:00:30.998314
6160	2	2	2.96	1	0:00:30.922286
6180	0	2	0.334	0	0:00:30.967547
6200	3	3	6.84	1	0:00:30.788310
6220	2	-1	0.0	0	0:00:31.329191
6240	2	2	2.1	1	0:00:30.855070
6260	2	8	2.46	0	0:00:30.883472
6280	8	5	2.28	0	0:00:31.113224
6300	1	-1	0.0	0	0:00:30.902026
6320	0	0	9.43	1	0:00:31.016723
6340	3	5	1.41	0	0:00:30.950388
6360	2	2	6.41	1	0:00:31.255495
6380	3	9	2.82	0	0:00:30.919492
6400	0	1	3.28	0	0:00:31.192094
6420	7	7	5.98	1	0:00:30.914697
6440	3	6	1.35	0	0:00:30.828047
6460	3	-1	0.0	0	0:00:30.896854
6480	0	3	1.95	0	0:00:31.115986
6500	7	3	1.77	0	0:00:30.935606
6520	6	6	1.24	1	0:00:31.079753
6540	8	1	1.26	0	0:00:31.103379
6560	6	6	4.9	1	0:00:30.917198
6580	1	-1	0.0	0	0:00:30.964295
6600	7	7	3.91	1	0:00:31.173510
6620	7	7	7.6	1	0:00:30.765278
6640	5	3	9.43	0	0:00:31.140036
6660	0	0	9.43	1	0:00:31.023371
6680	3	2	3.4	0	0:00:31.165860
6700	6	6	3.76	1	0:00:30.926757
6720	2	2	4.67	1	0:00:30.871184
6740	2	2	7.06	1	0:00:31.144028
6760	5	5	5.96	1	0:00:30.933170
6780	7	7	8.77	1	0:00:30.860855
6800	6	6	8.06	1	0:00:30.816935
6820	1	1	9.43	1	0:00:30.949259
6840	9	9	2.61	1	0:00:31.056445
6860	0	0	5.64	1	0:00:30.841751
6880	2	2	6.67	1	0:00:31.404824
6900	3	3	1.22	1	0:00:31.292458
6920	5	2	2.38	0	0:00:31.279139
6940	1	1	7.96	1	0:00:30.921285
6960	9	9	9.43	1	0:00:31.162748
6980	0	9	2.4	0	0:00:31.632417
7000	2	0	3.92	0	0:00:30.868093
7020	7	7	7.81	1	0:00:31.196285
7040	7	0	6.79	0	0:00:30.705552
7060	8	8	3.94	1	0:00:30.954367
7080	5	-1	0.0	0	0:00:31.096035
7100	9	-1	0.0	0	0:00:31.374255
7120	7	7	4.43	1	0:00:30.667706
7140	4	4	3.2	1	0:00:31.021099
7160	5	5	5.56	1	0:00:30.980506
7180	6	6	9.43	1	0:00:31.039368
7200	4	4	1.39	1	0:00:31.323092
7220	9	9	8.28	1	0:00:30.813971
7240	0	0	0.848	1	0:00:31.172544
7260	1	1	5.36	1	0:00:30.945014
7280	1	9	8.24	0	0:00:30.909963
7300	3	4	5.16	0	0:00:31.200868
7320	8	8	2.15	1	0:00:31.112823
7340	2	7	1.33	0	0:00:30.966426
7360	2	4	4.89	0	0:00:32.998376
7380	7	7	8.5	1	0:00:33.652380
7400	3	3	2.8	1	0:00:33.656363
7420	3	0	0.425	0	0:00:33.475757
7440	3	3	5.15	1	0:00:32.032213
7460	5	5	8.08	1	0:00:31.269044
7480	1	8	5.75	0	0:00:31.196093
7500	6	6	6.73	1	0:00:31.181964
7520	4	4	1.49	1	0:00:30.924864
7540	5	5	9.27	1	0:00:31.045436
7560	0	0	1.63	1	0:00:31.098341
7580	8	8	3.26	1	0:00:31.643115
7600	8	-1	0.0	0	0:00:31.947441
7620	5	6	1.9	0	0:00:32.922478
7640	9	9	5.2	1	0:00:32.483892
7660	7	-1	0.0	0	0:00:32.047231
7680	3	5	8.42	0	0:00:31.461298
7700	6	6	9.43	1	0:00:31.815207
7720	5	5	7.56	1	0:00:31.240758
7740	4	4	4.53	1	0:00:31.225290
7760	2	9	3.28	0	0:00:30.801413
7780	3	5	3.22	0	0:00:30.809363
7800	0	0	9.43	1	0:00:31.286482
7820	5	8	1.93	0	0:00:30.996019
7840	1	1	8.42	1	0:00:31.102434
7860	8	1	2.94	0	0:00:31.009766
7880	0	0	9.43	1	0:00:31.691862
7900	0	4	1.59	0	0:00:32.090681
7920	9	9	0.735	1	0:00:31.077536
7940	2	6	1.87	0	0:00:31.371090
7960	0	0	5.46	1	0:00:31.537675
7980	3	3	2.24	1	0:00:32.420594
8000	9	9	6.71	1	0:00:31.166337
8020	6	3	9.43	0	0:00:30.990534
8040	2	2	9.43	1	0:00:30.869580
8060	6	6	9.43	1	0:00:31.712535
8080	4	4	6.06	1	0:00:32.048872
8100	6	6	2.88	1	0:00:31.873448
8120	8	9	1.73	0	0:00:31.184132
8140	5	3	8.86	0	0:00:31.132327
8160	6	6	9.43	1	0:00:31.038285
8180	4	4	3.15	1	0:00:31.069257
8200	3	6	2.16	0	0:00:31.718669
8220	6	5	2.2	0	0:00:31.260629
8240	7	7	9.43	1	0:00:32.329540
8260	1	1	8.86	1	0:00:32.434259
8280	4	3	2.31	0	0:00:31.222369
8300	5	-1	0.0	0	0:00:31.061543
8320	7	7	9.08	1	0:00:31.046066
8340	5	3	8.18	0	0:00:32.298966
8360	7	7	9.43	1	0:00:32.512735
8380	9	9	9.43	1	0:00:31.087967
8400	0	0	2.51	1	0:00:31.028751
8420	3	6	3.58	0	0:00:30.794842
8440	5	3	5.87	0	0:00:31.069023
8460	8	8	9.43	1	0:00:31.049311
8480	2	2	3.72	1	0:00:31.246364
8500	4	4	4.87	1	0:00:32.332861
8520	8	1	3.53	0	0:00:31.564765
8540	4	4	5.09	1	0:00:32.570443
8560	7	-1	0.0	0	0:00:32.133701
8580	3	5	2.03	0	0:00:31.265327
8600	3	-1	0.0	0	0:00:31.303205
8620	3	3	3.47	1	0:00:30.972649
8640	1	1	4.38	1	0:00:31.070479
8660	7	7	6.95	1	0:00:31.144434
8680	3	6	4.42	0	0:00:31.741593
8700	3	3	9.43	1	0:00:32.327807
8720	2	0	9.43	0	0:00:32.193318
8740	2	2	5.01	1	0:00:32.091003
8760	8	8	9.27	1	0:00:30.431145
8780	4	4	1.18	1	0:00:30.577487
8800	0	0	9.43	1	0:00:30.640532
8820	2	2	4.55	1	0:00:30.898576
8840	2	7	4.72	0	0:00:30.318512
8860	2	2	3.96	1	0:00:30.622138
8880	1	1	6.28	1	0:00:30.747235
8900	2	2	5.54	1	0:00:30.655467
8920	6	6	9.43	1	0:00:30.326990
8940	6	-1	0.0	0	0:00:30.780710
8960	0	0	9.43	1	0:00:30.206224
8980	9	9	9.08	1	0:00:30.390990
9000	8	8	8.62	1	0:00:30.690223
9020	7	7	1.22	1	0:00:30.400309
9040	2	5	1.5	0	0:00:30.470731
9060	9	9	4.08	1	0:00:30.728478
9080	3	-1	0.0	0	0:00:31.774924
9100	9	1	3.29	0	0:00:31.748706
9120	3	-1	0.0	0	0:00:31.909846
9140	7	9	5.37	0	0:00:31.503542
9160	5	5	5.01	1	0:00:30.225054
9180	5	5	9.27	1	0:00:29.493528
9200	8	8	9.43	1	0:00:29.486120
9220	8	8	1.74	1	0:00:29.537665
9240	8	8	9.43	1	0:00:29.474046
9260	5	5	2.15	1	0:00:29.562135
9280	9	9	3.48	1	0:00:30.302021
9300	5	2	8.86	0	0:00:30.469331
9320	9	9	8.38	1	0:00:30.222224
9340	1	1	5.53	1	0:00:31.179874
9360	5	-1	0.0	0	0:00:30.230740
9380	5	5	3.6	1	0:00:30.176368
9400	6	6	5.34	1	0:00:31.219736
9420	5	5	3.7	1	0:00:31.065903
9440	8	8	9.08	1	0:00:30.953717
9460	3	3	7.71	1	0:00:30.864465
9480	2	2	9.43	1	0:00:30.978420
9500	9	9	9.43	1	0:00:30.304641
9520	1	1	2.03	1	0:00:30.462263
9540	5	5	6.97	1	0:00:31.243397
9560	9	-1	0.0	0	0:00:31.732624
9580	1	1	9.43	1	0:00:30.704979
9600	8	8	9.43	1	0:00:29.928188
9620	4	7	0.888	0	0:00:29.734135
9640	5	5	6.22	1	0:00:30.024167
9660	6	6	9.43	1	0:00:29.752960
9680	8	8	9.43	1	0:00:29.783101
9700	0	0	9.43	1	0:00:29.726328
9720	8	-1	0.0	0	0:00:30.202970
9740	3	6	9.43	0	0:00:29.906421
9760	9	7	9.43	0	0:00:29.957265
9780	4	4	2.19	1	0:00:30.335256
9800	1	1	7.5	1	0:00:30.044335
9820	0	8	3.69	0	0:00:29.744050
9840	4	3	1.66	0	0:00:29.957608
9860	0	0	8.07	1	0:00:29.883723
9880	7	7	6.42	1	0:00:29.934253
9900	8	0	5.69	0	0:00:30.070890
9920	6	6	4.14	1	0:00:29.801533
9940	4	-1	0.0	0	0:00:29.744156
9960	2	0	9.43	0	0:00:29.865478
9980	0	0	9.43	1	0:00:30.166310
