idx	label	predict	radius	correct	time
0	3	3	1.29	1	0:00:28.286878
20	7	4	4.22	0	0:00:27.124256
40	4	4	3.8	1	0:00:27.326819
60	7	7	3.71	1	0:00:27.713289
80	8	8	4.22	1	0:00:29.631391
100	4	4	1.12	1	0:00:27.884560
120	8	8	4.22	1	0:00:27.761755
140	6	6	4.22	1	0:00:29.444527
160	2	2	2.91	1	0:00:27.799208
180	0	0	4.22	1	0:00:28.015389
200	5	3	2.45	0	0:00:29.155991
220	7	7	2.54	1	0:00:28.300060
240	1	1	4.22	1	0:00:28.127951
260	8	8	1.73	1	0:00:28.171626
280	9	9	1.85	1	0:00:29.014380
300	6	6	3.04	1	0:00:28.719709
320	3	3	1.94	1	0:00:28.976464
340	2	2	1.55	1	0:00:28.369869
360	9	9	2.65	1	0:00:28.402840
380	6	6	4.22	1	0:00:28.901696
400	9	9	4.22	1	0:00:28.894690
420	4	4	4.22	1	0:00:28.702841
440	1	1	4.22	1	0:00:27.955105
460	5	5	3.1	1	0:00:28.615594
480	8	9	1.15	0	0:00:28.414516
500	4	6	2.67	0	0:00:28.388005
520	5	5	4.22	1	0:00:29.023044
540	1	1	3.22	1	0:00:28.045070
560	0	0	3.47	1	0:00:29.126346
580	4	4	4.22	1	0:00:27.869779
600	8	8	0.472	1	0:00:27.957210
620	7	7	4.03	1	0:00:29.183713
640	5	3	1.26	0	0:00:28.341487
660	9	1	0.734	0	0:00:28.091667
680	9	7	2.04	0	0:00:28.176181
700	7	7	3.83	1	0:00:27.980333
720	4	4	2.38	1	0:00:28.253480
740	2	2	4.22	1	0:00:28.641869
760	3	3	2.61	1	0:00:28.019875
780	9	9	3.21	1	0:00:27.970361
800	7	7	4.22	1	0:00:28.201892
820	6	6	3.77	1	0:00:28.074038
840	7	7	4.22	1	0:00:27.835158
860	4	4	4.22	1	0:00:28.144573
880	8	8	4.22	1	0:00:28.803998
900	2	6	4.22	0	0:00:29.402897
920	6	6	4.22	1	0:00:29.143106
940	9	9	4.22	1	0:00:29.218441
960	9	8	1.14	0	0:00:28.951175
980	2	2	2.29	1	0:00:28.144886
1000	5	5	4.22	1	0:00:27.973354
1020	1	1	4.06	1	0:00:27.757411
1040	7	5	1.79	0	0:00:29.278571
1060	9	9	4.22	1	0:00:29.033412
1080	6	2	0.722	0	0:00:27.975381
1100	7	7	3.09	1	0:00:27.888507
1120	5	5	0.575	1	0:00:28.073921
1140	6	6	4.22	1	0:00:28.122331
1160	8	8	2.72	1	0:00:28.063118
1180	3	3	2.52	1	0:00:28.017003
1200	8	8	3.47	1	0:00:27.877234
1220	9	2	1.43	0	0:00:28.893303
1240	2	2	1.38	1	0:00:28.608313
1260	1	1	0.683	1	0:00:29.388313
1280	3	3	2.44	1	0:00:29.548015
1300	4	4	2.33	1	0:00:27.933714
1320	7	7	3.36	1	0:00:27.994388
1340	1	1	3.33	1	0:00:28.360394
1360	7	7	4.22	1	0:00:28.787204
1380	4	4	2.45	1	0:00:28.027212
1400	5	5	2.96	1	0:00:28.210157
1420	4	4	4.22	1	0:00:28.281856
1440	0	8	1.65	0	0:00:29.062623
1460	6	6	4.22	1	0:00:27.807404
1480	1	5	1.56	0	0:00:27.877826
1500	1	1	2.77	1	0:00:29.145239
1520	7	7	4.22	1	0:00:27.878534
1540	8	8	4.22	1	0:00:28.056517
1560	7	7	4.22	1	0:00:28.547717
1580	6	6	0.933	1	0:00:27.869496
1600	8	8	0.902	1	0:00:27.938150
1620	5	5	2.13	1	0:00:28.749943
1640	7	7	1.19	1	0:00:27.926331
1660	3	3	4.22	1	0:00:28.299202
1680	6	6	4.22	1	0:00:27.899975
1700	5	5	1.85	1	0:00:27.974458
1720	4	4	2.96	1	0:00:29.924047
1740	1	1	2.25	1	0:00:28.686271
1760	0	0	3.06	1	0:00:29.272868
1780	7	7	3.91	1	0:00:28.659980
1800	4	2	1.18	0	0:00:28.550355
1820	8	9	0.497	0	0:00:29.355081
1840	8	8	4.22	1	0:00:27.746392
1860	8	8	4.22	1	0:00:29.284871
1880	1	1	4.06	1	0:00:28.537158
1900	8	8	4.22	1	0:00:28.205910
1920	2	2	3.81	1	0:00:29.175812
1940	5	5	0.692	1	0:00:29.614077
1960	2	5	4.22	0	0:00:27.885072
1980	9	9	4.22	1	0:00:27.852908
2000	1	1	4.15	1	0:00:29.076334
2020	9	9	4.22	1	0:00:29.566905
2040	0	0	4.22	1	0:00:28.023660
2060	5	3	2.78	0	0:00:28.242334
2080	1	9	2.54	0	0:00:28.668264
2100	2	2	2.38	1	0:00:28.457318
2120	4	3	1.65	0	0:00:27.883209
2140	9	9	4.22	1	0:00:28.012457
2160	0	0	3.48	1	0:00:27.802982
2180	4	4	4.22	1	0:00:28.401602
2200	0	-1	0.0	0	0:00:27.859969
2220	1	1	3.18	1	0:00:29.277060
2240	9	-1	0.0	0	0:00:28.647434
2260	4	4	4.22	1	0:00:27.973844
2280	4	0	1.11	0	0:00:27.928468
2300	3	3	3.1	1	0:00:28.003415
2320	5	3	3.3	0	0:00:28.221287
2340	7	7	4.22	1	0:00:28.323382
2360	7	7	3.31	1	0:00:28.132481
2380	8	8	4.22	1	0:00:27.861764
2400	0	0	4.22	1	0:00:27.898570
2420	8	7	1.85	0	0:00:28.846283
2440	7	7	3.31	1	0:00:28.043521
2460	9	9	2.23	1	0:00:29.159726
2480	8	8	4.22	1	0:00:28.696979
2500	4	4	1.01	1	0:00:29.190518
2520	1	1	4.22	1	0:00:27.751806
2540	2	2	4.22	1	0:00:28.243475
2560	7	7	3.87	1	0:00:28.914513
2580	6	6	4.22	1	0:00:28.338923
2600	8	8	4.22	1	0:00:28.413686
2620	1	1	1.6	1	0:00:28.094455
2640	7	7	4.15	1	0:00:28.011728
2660	3	3	3.72	1	0:00:28.257829
2680	0	0	4.22	1	0:00:28.111648
2700	9	9	0.882	1	0:00:27.791673
2720	3	3	4.22	1	0:00:28.502640
2740	1	1	2.84	1	0:00:28.747970
2760	2	2	3.77	1	0:00:28.175290
2780	7	7	4.22	1	0:00:29.573142
2800	4	4	3.8	1	0:00:29.028185
2820	6	6	4.22	1	0:00:27.978241
2840	3	3	4.22	1	0:00:27.969089
2860	5	7	1.96	0	0:00:28.812870
2880	4	4	4.22	1	0:00:27.775090
2900	3	3	2.72	1	0:00:27.922441
2920	2	2	2.54	1	0:00:28.774883
2940	3	0	2.51	0	0:00:29.048065
2960	9	9	2.7	1	0:00:28.730409
2980	8	8	4.22	1	0:00:27.978580
3000	5	5	4.22	1	0:00:27.999533
3020	1	1	2.83	1	0:00:28.134293
3040	7	7	4.22	1	0:00:28.167893
3060	7	7	4.22	1	0:00:28.240373
3080	1	0	0.513	0	0:00:28.660007
3100	0	0	4.15	1	0:00:27.794012
3120	4	4	2.09	1	0:00:29.014674
3140	8	8	4.22	1	0:00:27.937656
3160	6	2	4.03	0	0:00:27.798107
3180	3	5	0.774	0	0:00:28.917741
3200	5	5	3.49	1	0:00:28.471464
3220	3	3	2.27	1	0:00:29.149755
3240	4	1	1.95	0	0:00:28.201334
3260	7	7	3.91	1	0:00:28.596479
3280	3	5	0.582	0	0:00:29.536907
3300	4	4	4.1	1	0:00:27.787521
3320	2	7	3.91	0	0:00:28.607991
3340	6	6	4.22	1	0:00:28.851903
3360	4	4	2.29	1	0:00:28.934689
3380	8	8	4.0	1	0:00:28.428284
3400	6	4	1.78	0	0:00:28.817852
3420	5	3	2.77	0	0:00:27.728191
3440	2	2	3.96	1	0:00:29.076189
3460	1	1	4.22	1	0:00:28.485803
3480	2	2	4.22	1	0:00:28.062905
3500	1	1	3.54	1	0:00:28.460944
3520	1	1	4.06	1	0:00:28.280057
3540	6	6	4.22	1	0:00:27.977488
3560	1	1	2.32	1	0:00:28.005844
3580	4	4	4.22	1	0:00:29.290386
3600	4	6	0.397	0	0:00:28.734610
3620	0	0	3.83	1	0:00:28.738872
3640	6	6	4.03	1	0:00:28.199272
3660	0	0	4.15	1	0:00:27.466776
3680	0	0	2.0	1	0:00:28.743151
3700	3	3	3.28	1	0:00:28.618886
3720	2	2	4.22	1	0:00:27.514417
3740	0	0	4.15	1	0:00:27.420157
3760	7	7	4.22	1	0:00:27.314684
3780	4	4	4.22	1	0:00:27.502936
3800	9	9	4.22	1	0:00:28.088928
3820	0	0	2.02	1	0:00:27.451144
3840	6	2	2.52	0	0:00:27.492109
3860	7	7	4.22	1	0:00:27.464109
3880	6	6	4.22	1	0:00:27.947027
3900	3	6	0.596	0	0:00:27.028602
3920	7	7	2.32	1	0:00:28.997325
3940	6	3	0.718	0	0:00:27.332646
3960	2	2	4.22	1	0:00:27.499171
3980	9	2	1.11	0	0:00:27.322177
4000	8	0	3.89	0	0:00:27.437841
4020	8	8	4.22	1	0:00:27.883630
4040	0	0	3.34	1	0:00:27.935808
4060	6	6	3.89	1	0:00:27.283854
4080	1	1	4.0	1	0:00:27.616703
4100	7	7	4.22	1	0:00:27.627428
4120	4	4	2.74	1	0:00:27.560900
4140	5	5	0.521	1	0:00:27.338184
4160	5	5	3.83	1	0:00:27.495352
4180	0	0	2.85	1	0:00:28.570423
4200	4	4	3.04	1	0:00:27.414068
4220	4	-1	0.0	0	0:00:27.768544
4240	7	7	3.19	1	0:00:27.553665
4260	8	8	4.22	1	0:00:27.377282
4280	8	8	2.57	1	0:00:27.526387
4300	8	8	4.22	1	0:00:28.875705
4320	1	9	0.485	0	0:00:28.811158
4340	0	0	4.22	1	0:00:27.518912
4360	6	6	4.1	1	0:00:27.525329
4380	9	-1	0.0	0	0:00:27.238357
4400	3	3	4.22	1	0:00:27.477497
4420	5	5	2.42	1	0:00:27.315577
4440	2	2	4.22	1	0:00:27.426240
4460	9	9	3.65	1	0:00:27.097854
4480	9	9	4.22	1	0:00:27.549536
4500	3	3	4.22	1	0:00:27.333816
4520	3	3	4.1	1	0:00:27.256654
4540	9	9	4.22	1	0:00:27.503574
4560	1	1	4.22	1	0:00:27.461659
4580	6	6	4.15	1	0:00:29.992026
4600	4	4	4.22	1	0:00:27.157283
4620	7	7	1.91	1	0:00:27.216626
4640	2	2	4.15	1	0:00:27.289348
4660	7	7	3.84	1	0:00:27.359970
4680	9	9	4.15	1	0:00:27.378347
4700	6	1	1.23	0	0:00:27.785424
4720	8	8	3.85	1	0:00:28.975617
4740	5	-1	0.0	0	0:00:27.556446
4760	3	2	3.01	0	0:00:27.497544
4780	0	0	3.91	1	0:00:27.282613
4800	9	9	4.22	1	0:00:27.808923
4820	3	3	3.69	1	0:00:27.595446
4840	0	0	4.03	1	0:00:27.785130
4860	5	5	4.06	1	0:00:27.587878
4880	0	7	3.54	0	0:00:27.591284
4900	3	3	3.54	1	0:00:27.490827
4920	7	7	4.1	1	0:00:27.676563
4940	6	6	4.1	1	0:00:30.179903
4960	4	4	4.22	1	0:00:30.181629
4980	1	1	1.04	1	0:00:27.696942
5000	7	7	4.22	1	0:00:27.324320
5020	8	8	4.22	1	0:00:27.481735
5040	3	2	0.68	0	0:00:27.428602
5060	6	6	4.22	1	0:00:27.246022
5080	7	7	4.15	1	0:00:27.159292
5100	3	3	4.22	1	0:00:27.118298
5120	9	9	2.15	1	0:00:27.640966
5140	8	8	4.22	1	0:00:27.351148
5160	0	0	4.22	1	0:00:27.189612
5180	9	-1	0.0	0	0:00:27.208660
5200	3	3	4.22	1	0:00:27.135695
5220	0	0	3.76	1	0:00:27.222203
5240	1	1	0.984	1	0:00:27.127421
5260	0	0	4.22	1	0:00:27.130970
5280	0	8	0.757	0	0:00:27.134158
5300	9	9	2.83	1	0:00:27.014764
5320	7	7	3.38	1	0:00:27.172116
5340	3	4	4.22	0	0:00:27.271330
5360	9	9	3.91	1	0:00:27.045629
5380	1	1	0.952	1	0:00:27.198184
5400	9	9	3.24	1	0:00:27.358327
5420	6	6	4.22	1	0:00:27.115503
5440	9	9	4.03	1	0:00:27.303970
5460	0	0	2.18	1	0:00:30.280909
5480	1	1	4.22	1	0:00:27.440639
5500	8	8	2.44	1	0:00:27.191359
5520	4	4	3.12	1	0:00:27.137089
5540	5	5	1.82	1	0:00:27.200966
5560	3	5	1.92	0	0:00:27.209941
5580	5	3	4.22	0	0:00:27.081206
5600	6	6	1.49	1	0:00:27.086948
5620	3	3	3.11	1	0:00:27.152497
5640	2	5	0.559	0	0:00:27.104996
5660	9	9	2.72	1	0:00:26.947725
5680	2	2	2.92	1	0:00:27.114165
5700	3	5	1.55	0	0:00:28.358907
5720	9	9	4.22	1	0:00:27.157418
5740	6	6	3.43	1	0:00:27.170703
5760	2	2	3.94	1	0:00:27.211462
5780	7	7	3.79	1	0:00:27.272223
5800	2	2	3.92	1	0:00:27.223247
5820	5	5	2.99	1	0:00:27.105976
5840	2	5	2.72	0	0:00:27.100391
5860	0	0	2.41	1	0:00:27.066189
5880	0	0	4.22	1	0:00:26.951547
5900	4	0	1.57	0	0:00:27.059758
5920	8	8	4.22	1	0:00:27.047313
5940	7	2	2.34	0	0:00:26.946092
5960	2	6	4.06	0	0:00:27.268782
5980	9	9	4.22	1	0:00:27.262833
6000	8	8	4.22	1	0:00:27.182601
6020	6	6	4.22	1	0:00:27.135469
6040	2	0	0.693	0	0:00:27.171035
6060	3	2	1.68	0	0:00:27.271064
6080	1	1	2.53	1	0:00:27.219038
6100	1	1	4.22	1	0:00:27.094889
6120	5	5	4.22	1	0:00:27.054341
6140	9	9	4.22	1	0:00:26.985585
6160	2	2	2.34	1	0:00:27.266574
6180	0	0	0.367	1	0:00:27.038632
6200	3	3	4.1	1	0:00:27.281466
6220	2	2	4.22	1	0:00:29.297368
6240	2	2	4.22	1	0:00:28.396482
6260	2	2	1.27	1	0:00:27.928835
6280	8	8	1.82	1	0:00:29.027074
6300	1	1	2.63	1	0:00:29.471172
6320	0	0	3.73	1	0:00:30.220602
6340	3	3	0.489	1	0:00:29.693925
6360	2	2	4.22	1	0:00:28.956095
6380	3	3	4.22	1	0:00:28.683318
6400	0	0	2.56	1	0:00:28.916719
6420	7	7	2.95	1	0:00:30.143517
6440	3	3	1.63	1	0:00:28.867821
6460	3	3	4.03	1	0:00:28.784180
6480	0	0	3.48	1	0:00:28.278705
6500	7	7	1.81	1	0:00:28.339520
6520	6	6	3.12	1	0:00:28.789006
6540	8	8	4.22	1	0:00:28.267562
6560	6	6	4.22	1	0:00:29.080478
6580	1	1	1.12	1	0:00:29.036503
6600	7	7	4.22	1	0:00:28.643695
6620	7	7	4.22	1	0:00:28.365673
6640	5	3	2.57	0	0:00:28.302410
6660	0	0	4.22	1	0:00:28.275458
6680	3	5	3.48	0	0:00:28.594041
6700	6	6	1.64	1	0:00:28.637044
6720	2	4	0.704	0	0:00:29.106111
6740	2	2	2.57	1	0:00:28.873271
6760	5	5	4.22	1	0:00:29.042583
6780	7	7	4.22	1	0:00:29.389513
6800	6	6	4.22	1	0:00:29.128036
6820	1	1	3.79	1	0:00:29.015987
6840	9	9	4.22	1	0:00:28.407687
6860	0	0	4.22	1	0:00:29.355529
6880	2	2	4.1	1	0:00:28.826161
6900	3	3	0.688	1	0:00:28.671123
6920	5	6	1.6	0	0:00:28.925716
6940	1	1	4.22	1	0:00:28.496271
6960	9	9	2.64	1	0:00:28.719680
6980	0	0	0.514	1	0:00:29.285348
7000	2	8	4.22	0	0:00:28.508950
7020	7	7	4.22	1	0:00:28.796220
7040	7	0	1.81	0	0:00:28.507108
7060	8	8	4.22	1	0:00:29.673923
7080	5	-1	0.0	0	0:00:28.926747
7100	9	9	0.366	1	0:00:28.941459
7120	7	7	1.66	1	0:00:28.674439
7140	4	4	4.06	1	0:00:29.012307
7160	5	5	3.54	1	0:00:29.421081
7180	6	6	4.22	1	0:00:28.564113
7200	4	4	1.46	1	0:00:28.340584
7220	9	9	1.21	1	0:00:29.076802
7240	0	0	2.22	1	0:00:28.800865
7260	1	1	3.04	1	0:00:28.347477
7280	1	9	4.22	0	0:00:28.748213
7300	3	5	2.05	0	0:00:28.612562
7320	8	0	2.53	0	0:00:28.403356
7340	2	2	2.4	1	0:00:29.392709
7360	2	2	0.516	1	0:00:28.768367
7380	7	7	4.22	1	0:00:29.303863
7400	3	5	2.11	0	0:00:28.836805
7420	3	3	0.638	1	0:00:28.699809
7440	3	3	4.22	1	0:00:28.784388
7460	5	5	4.22	1	0:00:28.405582
7480	1	1	2.54	1	0:00:28.832591
7500	6	6	4.22	1	0:00:28.610860
7520	4	4	4.22	1	0:00:28.575372
7540	5	5	3.96	1	0:00:29.131065
7560	0	0	4.1	1	0:00:28.354014
7580	8	8	4.22	1	0:00:29.261153
7600	8	-1	0.0	0	0:00:28.963891
7620	5	5	1.75	1	0:00:28.950642
7640	9	9	2.79	1	0:00:29.148882
7660	7	7	3.13	1	0:00:28.743225
7680	3	5	2.18	0	0:00:29.309277
7700	6	6	4.22	1	0:00:28.681513
7720	5	5	3.82	1	0:00:28.720733
7740	4	4	2.44	1	0:00:29.076617
7760	2	0	0.961	0	0:00:28.261941
7780	3	3	1.06	1	0:00:28.478051
7800	0	0	3.27	1	0:00:28.848037
7820	5	3	1.85	0	0:00:28.661807
7840	1	1	4.22	1	0:00:28.457745
7860	8	1	0.747	0	0:00:29.812543
7880	0	0	2.14	1	0:00:29.031659
7900	0	4	1.35	0	0:00:29.113380
7920	9	9	3.01	1	0:00:28.491571
7940	2	2	1.95	1	0:00:28.516487
7960	0	0	3.81	1	0:00:28.329166
7980	3	3	4.22	1	0:00:29.421558
8000	9	9	4.22	1	0:00:29.092890
8020	6	3	1.58	0	0:00:29.174070
8040	2	2	4.22	1	0:00:30.167339
8060	6	6	4.22	1	0:00:30.568004
8080	4	4	4.22	1	0:00:30.500137
8100	6	6	3.49	1	0:00:30.945230
8120	8	8	2.49	1	0:00:30.043390
8140	5	5	2.33	1	0:00:28.532258
8160	6	6	4.15	1	0:00:29.704268
8180	4	4	4.22	1	0:00:28.990369
8200	3	-1	0.0	0	0:00:29.345156
8220	6	5	1.24	0	0:00:28.442735
8240	7	7	4.22	1	0:00:28.780644
8260	1	1	3.94	1	0:00:28.665516
8280	4	4	2.72	1	0:00:29.552296
8300	5	3	0.993	0	0:00:29.705203
8320	7	7	2.85	1	0:00:30.261001
8340	5	3	4.22	0	0:00:29.939935
8360	7	7	4.22	1	0:00:29.529330
8380	9	9	4.03	1	0:00:28.794864
8400	0	9	2.39	0	0:00:29.745035
8420	3	6	2.43	0	0:00:28.607748
8440	5	3	1.48	0	0:00:28.418799
8460	8	8	4.22	1	0:00:29.061715
8480	2	2	0.587	1	0:00:28.815461
8500	4	4	4.15	1	0:00:29.344857
8520	8	1	0.649	0	0:00:28.430960
8540	4	4	3.88	1	0:00:28.428207
8560	7	7	1.99	1	0:00:28.372470
8580	3	5	0.754	0	0:00:28.999984
8600	3	3	2.67	1	0:00:29.177715
8620	3	5	1.73	0	0:00:29.451678
8640	1	1	3.75	1	0:00:29.049273
8660	7	7	4.15	1	0:00:28.419504
8680	3	3	2.44	1	0:00:28.802799
8700	3	3	4.22	1	0:00:29.485759
8720	2	2	1.82	1	0:00:29.737307
8740	2	2	4.22	1	0:00:28.814196
8760	8	8	3.22	1	0:00:28.530337
8780	4	4	4.22	1	0:00:28.318826
8800	0	0	4.22	1	0:00:29.338699
8820	2	2	3.48	1	0:00:29.585922
8840	2	2	1.71	1	0:00:29.429395
8860	2	2	4.15	1	0:00:29.119707
8880	1	1	4.22	1	0:00:28.855282
8900	2	2	3.69	1	0:00:28.308233
8920	6	6	4.22	1	0:00:28.717960
8940	6	5	2.08	0	0:00:29.813704
8960	0	0	2.23	1	0:00:29.331916
8980	9	9	2.93	1	0:00:29.473789
9000	8	8	4.22	1	0:00:29.298247
9020	7	7	3.94	1	0:00:29.343243
9040	2	2	1.54	1	0:00:28.554975
9060	9	9	4.03	1	0:00:28.978699
9080	3	3	3.23	1	0:00:28.910785
9100	9	1	0.648	0	0:00:29.639613
9120	3	3	1.35	1	0:00:28.928781
9140	7	7	2.24	1	0:00:28.385355
9160	5	3	0.848	0	0:00:28.436517
9180	5	5	4.0	1	0:00:29.287392
9200	8	8	4.22	1	0:00:28.757567
9220	8	8	4.22	1	0:00:29.173280
9240	8	8	4.22	1	0:00:28.396159
9260	5	3	3.33	0	0:00:29.783209
9280	9	9	1.49	1	0:00:29.395923
9300	5	4	3.78	0	0:00:28.784440
9320	9	9	4.15	1	0:00:30.220655
9340	1	1	4.15	1	0:00:29.272817
9360	5	0	2.3	0	0:00:28.622137
9380	5	3	1.86	0	0:00:28.654376
9400	6	6	3.47	1	0:00:28.797660
9420	5	5	3.53	1	0:00:28.341951
9440	8	8	4.22	1	0:00:28.833436
9460	3	3	3.53	1	0:00:28.639495
9480	2	2	1.55	1	0:00:30.262598
9500	9	9	3.51	1	0:00:29.765177
9520	1	1	4.22	1	0:00:30.073809
9540	5	5	4.06	1	0:00:28.573876
9560	9	9	1.32	1	0:00:28.441888
9580	1	1	4.22	1	0:00:29.037146
9600	8	8	4.22	1	0:00:28.679167
9620	4	4	4.22	1	0:00:28.440322
9640	5	5	3.35	1	0:00:28.430615
9660	6	6	4.22	1	0:00:29.144812
9680	8	8	4.22	1	0:00:29.227194
9700	0	0	4.22	1	0:00:28.125246
9720	8	8	2.31	1	0:00:28.230967
9740	3	6	4.22	0	0:00:28.367056
9760	9	9	2.74	1	0:00:28.467481
9780	4	4	2.65	1	0:00:29.490295
9800	1	1	4.15	1	0:00:28.103644
9820	0	8	1.74	0	0:00:28.673695
9840	4	7	1.6	0	0:00:28.616149
9860	0	0	2.03	1	0:00:28.557842
9880	7	7	3.43	1	0:00:28.379585
9900	8	8	2.38	1	0:00:29.510935
9920	6	6	3.5	1	0:00:29.617620
9940	4	5	3.64	0	0:00:30.138770
9960	2	0	4.22	0	0:00:28.518245
9980	0	0	3.78	1	0:00:28.589728
