idx	label	predict	radius	correct	time
0	3	3	9.03	1	0:00:39.501471
20	7	7	13.0	1	0:00:39.702334
40	4	7	8.42	0	0:00:39.588715
60	7	7	4.61	1	0:00:39.770688
80	8	8	16.2	1	0:00:40.379531
100	4	7	10.3	0	0:00:40.025058
120	8	1	5.98	0	0:00:40.062484
140	6	7	6.55	0	0:00:39.820020
160	2	2	8.06	1	0:00:40.327060
180	0	0	19.9	1	0:00:39.423942
200	5	3	17.1	0	0:00:39.281280
220	7	5	2.05	0	0:00:39.199040
240	1	1	8.55	1	0:00:39.423477
260	8	-1	0.0	0	0:00:40.113736
280	9	9	5.94	1	0:00:39.182384
300	6	6	9.79	1	0:00:38.870542
320	3	5	0.701	0	0:00:39.033341
340	2	5	7.74	0	0:00:38.696804
360	9	7	8.5	0	0:00:38.868480
380	6	-1	0.0	0	0:00:39.443603
400	9	9	7.4	1	0:00:39.075931
420	4	4	16.6	1	0:00:39.076055
440	1	-1	0.0	0	0:00:39.771086
460	5	-1	0.0	0	0:00:39.687757
480	8	8	13.3	1	0:00:39.025840
500	4	6	3.56	0	0:00:39.695626
520	5	2	1.69	0	0:00:39.573890
540	1	9	2.63	0	0:00:38.901300
560	0	0	3.02	1	0:00:38.852343
580	4	6	2.71	0	0:00:38.980156
600	8	9	6.24	0	0:00:39.205564
620	7	7	17.4	1	0:00:39.469683
640	5	3	10.3	0	0:00:39.170346
660	9	9	3.92	1	0:00:39.350022
680	9	-1	0.0	0	0:00:39.162797
700	7	0	13.5	0	0:00:39.134708
720	4	7	7.65	0	0:00:38.655676
740	2	5	5.59	0	0:00:38.966737
760	3	9	2.74	0	0:00:39.207905
780	9	4	6.85	0	0:00:39.011406
800	7	7	21.1	1	0:00:39.349200
820	6	2	5.51	0	0:00:39.251792
840	7	7	14.3	1	0:00:39.856257
860	4	4	4.13	1	0:00:39.213712
880	8	8	17.0	1	0:00:38.898310
900	2	2	7.97	1	0:00:38.793762
920	6	6	7.9	1	0:00:39.175269
940	9	9	13.9	1	0:00:39.475280
960	9	7	6.78	0	0:00:39.681731
980	2	6	3.04	0	0:00:39.093377
1000	5	5	10.6	1	0:00:38.965765
1020	1	-1	0.0	0	0:00:39.589626
1040	7	5	20.3	0	0:00:39.043585
1060	9	9	16.9	1	0:00:39.003397
1080	6	6	21.1	1	0:00:39.101161
1100	7	8	7.76	0	0:00:39.482962
1120	5	-1	0.0	0	0:00:39.746446
1140	6	6	8.14	1	0:00:39.039183
1160	8	8	9.7	1	0:00:40.019692
1180	3	7	3.54	0	0:00:39.000939
1200	8	8	6.84	1	0:00:39.570413
1220	9	7	6.61	0	0:00:39.365277
1240	2	6	12.1	0	0:00:38.889389
1260	1	1	5.41	1	0:00:38.952252
1280	3	5	3.26	0	0:00:38.834948
1300	4	2	4.3	0	0:00:38.859251
1320	7	0	2.22	0	0:00:39.010426
1340	1	1	8.2	1	0:00:38.733294
1360	7	7	13.5	1	0:00:38.737451
1380	4	-1	0.0	0	0:00:39.519514
1400	5	5	5.79	1	0:00:38.796700
1420	4	-1	0.0	0	0:00:39.085019
1440	0	0	8.32	1	0:00:39.661108
1460	6	6	1.94	1	0:00:38.939731
1480	1	1	11.1	1	0:00:38.805490
1500	1	1	6.85	1	0:00:39.293633
1520	7	7	16.2	1	0:00:38.921658
1540	8	8	9.13	1	0:00:39.493759
1560	7	7	2.31	1	0:00:40.182124
1580	6	1	11.8	0	0:00:39.215475
1600	8	6	4.29	0	0:00:39.408924
1620	5	5	13.3	1	0:00:39.620042
1640	7	7	5.76	1	0:00:39.536943
1660	3	3	5.02	1	0:00:38.605211
1680	6	6	21.1	1	0:00:39.178895
1700	5	2	8.76	0	0:00:39.122661
1720	4	2	3.24	0	0:00:39.678581
1740	1	0	3.36	0	0:00:39.094980
1760	0	0	6.79	1	0:00:39.227154
1780	7	7	4.75	1	0:00:39.437251
1800	4	-1	0.0	0	0:00:38.653367
1820	8	1	5.21	0	0:00:39.270376
1840	8	7	9.25	0	0:00:39.132441
1860	8	8	3.22	1	0:00:39.271227
1880	1	1	12.7	1	0:00:38.991462
1900	8	8	17.5	1	0:00:39.127844
1920	2	-1	0.0	0	0:00:39.446189
1940	5	3	2.41	0	0:00:39.363952
1960	2	5	6.12	0	0:00:39.089099
1980	9	9	20.7	1	0:00:39.638383
2000	1	5	6.74	0	0:00:39.210776
2020	9	9	7.37	1	0:00:39.242123
2040	0	0	7.68	1	0:00:38.867763
2060	5	5	3.81	1	0:00:38.944279
2080	1	2	3.45	0	0:00:38.899406
2100	2	4	7.05	0	0:00:39.220101
2120	4	8	9.25	0	0:00:38.666063
2140	9	9	3.37	1	0:00:38.832704
2160	0	0	8.01	1	0:00:39.930349
2180	4	4	21.1	1	0:00:39.186138
2200	0	0	6.39	1	0:00:38.797129
2220	1	9	5.62	0	0:00:38.999185
2240	9	9	18.0	1	0:00:39.382275
2260	4	4	7.09	1	0:00:39.178364
2280	4	9	5.82	0	0:00:39.949256
2300	3	5	9.37	0	0:00:38.825748
2320	5	8	5.39	0	0:00:39.375599
2340	7	7	10.8	1	0:00:39.565529
2360	7	3	8.63	0	0:00:39.567353
2380	8	8	21.1	1	0:00:39.563784
2400	0	0	21.1	1	0:00:39.365530
2420	8	3	3.85	0	0:00:38.987810
2440	7	0	6.65	0	0:00:39.815405
2460	9	9	3.03	1	0:00:39.752309
2480	8	8	21.1	1	0:00:38.874551
2500	4	-1	0.0	0	0:00:39.063874
2520	1	1	12.2	1	0:00:38.702632
2540	2	4	3.96	0	0:00:39.276587
2560	7	7	11.7	1	0:00:39.422781
2580	6	3	19.8	0	0:00:39.343610
2600	8	8	21.1	1	0:00:39.067102
2620	1	1	12.6	1	0:00:38.977843
2640	7	7	8.45	1	0:00:39.274657
2660	3	3	1.95	1	0:00:38.945738
2680	0	0	21.1	1	0:00:39.427376
2700	9	9	8.2	1	0:00:39.064790
2720	3	3	13.9	1	0:00:39.449153
2740	1	7	5.9	0	0:00:39.213295
2760	2	2	6.64	1	0:00:39.452140
2780	7	7	3.05	1	0:00:39.320412
2800	4	4	13.1	1	0:00:39.900319
2820	6	6	21.1	1	0:00:39.249528
2840	3	3	21.1	1	0:00:39.191000
2860	5	6	6.8	0	0:00:39.010756
2880	4	4	11.4	1	0:00:39.247059
2900	3	5	8.17	0	0:00:38.871660
2920	2	2	10.5	1	0:00:39.516738
2940	3	3	7.36	1	0:00:40.027209
2960	9	9	8.74	1	0:00:39.019835
2980	8	8	12.3	1	0:00:38.240202
3000	5	5	11.0	1	0:00:35.865057
3020	1	8	7.69	0	0:00:36.205039
3040	7	7	15.9	1	0:00:35.950390
3060	7	3	4.91	0	0:00:36.584447
3080	1	0	2.88	0	0:00:35.775917
3100	0	0	21.1	1	0:00:37.615041
3120	4	6	4.72	0	0:00:36.642499
3140	8	8	3.79	1	0:00:36.572934
3160	6	5	3.77	0	0:00:37.129261
3180	3	-1	0.0	0	0:00:36.046317
3200	5	5	4.67	1	0:00:36.712605
3220	3	7	4.14	0	0:00:35.916618
3240	4	0	11.6	0	0:00:36.607193
3260	7	-1	0.0	0	0:00:36.411599
3280	3	5	5.56	0	0:00:36.665605
3300	4	3	8.21	0	0:00:36.322170
3320	2	9	7.28	0	0:00:35.961911
3340	6	6	6.6	1	0:00:35.823340
3360	4	6	10.3	0	0:00:36.286621
3380	8	9	7.29	0	0:00:36.533109
3400	6	4	20.5	0	0:00:36.053351
3420	5	3	8.54	0	0:00:36.155491
3440	2	2	4.71	1	0:00:37.120039
3460	1	1	3.43	1	0:00:35.984898
3480	2	2	7.02	1	0:00:37.571795
3500	1	-1	0.0	0	0:00:36.291408
3520	1	1	21.1	1	0:00:37.044245
3540	6	6	11.4	1	0:00:36.602982
3560	1	9	5.93	0	0:00:36.401129
3580	4	-1	0.0	0	0:00:36.164671
3600	4	2	5.43	0	0:00:37.173409
3620	0	7	0.975	0	0:00:36.393286
3640	6	6	9.18	1	0:00:35.993728
3660	0	8	3.8	0	0:00:36.876212
3680	0	7	5.52	0	0:00:36.148348
3700	3	5	3.66	0	0:00:36.344994
3720	2	2	4.3	1	0:00:35.986665
3740	0	0	21.1	1	0:00:36.461176
3760	7	7	11.7	1	0:00:36.747748
3780	4	4	5.74	1	0:00:36.046156
3800	9	9	12.4	1	0:00:36.310053
3820	0	0	2.25	1	0:00:36.616555
3840	6	4	2.9	0	0:00:36.086710
3860	7	7	18.8	1	0:00:37.440927
3880	6	6	7.84	1	0:00:36.348831
3900	3	-1	0.0	0	0:00:37.306803
3920	7	5	13.8	0	0:00:36.374403
3940	6	3	4.06	0	0:00:36.365610
3960	2	5	6.56	0	0:00:36.619261
3980	9	7	2.66	0	0:00:36.405921
4000	8	7	5.83	0	0:00:36.182900
4020	8	8	17.3	1	0:00:36.609195
4040	0	8	4.18	0	0:00:36.643456
4060	6	3	1.88	0	0:00:35.801872
4080	1	1	6.9	1	0:00:36.547774
4100	7	7	17.6	1	0:00:35.951300
4120	4	0	21.1	0	0:00:36.460283
4140	5	3	6.76	0	0:00:36.160973
4160	5	3	2.26	0	0:00:36.654199
4180	0	0	4.08	1	0:00:37.165293
4200	4	2	18.6	0	0:00:36.257154
4220	4	0	21.1	0	0:00:36.767967
4240	7	7	11.9	1	0:00:36.322569
4260	8	8	21.1	1	0:00:36.277818
4280	8	8	16.3	1	0:00:36.754118
4300	8	8	18.2	1	0:00:36.540852
4320	1	8	13.0	0	0:00:36.014183
4340	0	0	12.1	1	0:00:36.230602
4360	6	6	13.3	1	0:00:36.357575
4380	9	9	18.2	1	0:00:36.943731
4400	3	3	13.5	1	0:00:36.432021
4420	5	5	5.27	1	0:00:36.205044
4440	2	2	7.92	1	0:00:37.201322
4460	9	8	8.86	0	0:00:36.522721
4480	9	9	6.14	1	0:00:36.660262
4500	3	3	8.68	1	0:00:36.434133
4520	3	3	10.6	1	0:00:36.185790
4540	9	9	18.2	1	0:00:35.139547
4560	1	1	21.1	1	0:00:36.847942
4580	6	4	21.1	0	0:00:37.900063
4600	4	7	3.4	0	0:00:38.147503
4620	7	3	3.69	0	0:00:38.228296
4640	2	2	3.13	1	0:00:38.305628
4660	7	7	8.11	1	0:00:37.259165
4680	9	9	6.85	1	0:00:35.455537
4700	6	-1	0.0	0	0:00:35.477443
4720	8	8	3.76	1	0:00:36.776601
4740	5	6	9.15	0	0:00:38.179025
4760	3	7	3.72	0	0:00:38.309075
4780	0	8	1.17	0	0:00:38.450991
4800	9	9	18.0	1	0:00:38.442405
4820	3	3	4.18	1	0:00:38.386601
4840	0	1	4.98	0	0:00:37.653364
4860	5	3	7.12	0	0:00:38.057509
4880	0	-1	0.0	0	0:00:38.185491
4900	3	3	11.1	1	0:00:37.577284
4920	7	7	5.12	1	0:00:35.385832
4940	6	6	1.17	1	0:00:35.417346
4960	4	7	9.13	0	0:00:35.049422
4980	1	1	13.8	1	0:00:35.387224
5000	7	7	20.3	1	0:00:35.123952
5020	8	8	2.12	1	0:00:36.847073
5040	3	-1	0.0	0	0:00:38.480834
5060	6	6	8.05	1	0:00:38.279604
5080	7	7	6.23	1	0:00:38.351900
5100	3	3	21.1	1	0:00:35.535063
5120	9	9	5.71	1	0:00:36.378022
5140	8	-1	0.0	0	0:00:35.382758
5160	0	0	10.5	1	0:00:35.393685
5180	9	-1	0.0	0	0:00:35.466953
5200	3	5	9.0	0	0:00:35.236161
5220	0	0	21.1	1	0:00:35.208090
5240	1	1	7.73	1	0:00:35.586122
5260	0	0	21.1	1	0:00:38.101563
5280	0	8	8.01	0	0:00:35.456776
5300	9	1	21.1	0	0:00:36.612133
5320	7	3	8.19	0	0:00:35.646070
5340	3	6	3.58	0	0:00:35.303748
5360	9	9	5.32	1	0:00:35.207846
5380	1	1	21.1	1	0:00:36.833435
5400	9	1	7.08	0	0:00:38.222269
5420	6	6	11.3	1	0:00:38.023665
5440	9	1	13.1	0	0:00:35.898727
5460	0	7	5.1	0	0:00:35.234162
5480	1	1	21.1	1	0:00:35.358947
5500	8	1	6.77	0	0:00:35.185017
5520	4	6	10.8	0	0:00:35.231465
5540	5	5	6.15	1	0:00:35.232317
5560	3	5	3.19	0	0:00:35.255170
5580	5	3	12.8	0	0:00:35.996792
5600	6	9	12.3	0	0:00:38.164939
5620	3	0	21.1	0	0:00:38.309863
5640	2	2	10.9	1	0:00:38.227228
5660	9	9	2.04	1	0:00:38.128739
5680	2	1	3.77	0	0:00:38.256497
5700	3	5	6.07	0	0:00:38.165151
5720	9	9	10.9	1	0:00:38.237961
5740	6	6	7.73	1	0:00:38.184224
5760	2	7	5.04	0	0:00:38.231164
5780	7	7	18.1	1	0:00:36.425114
5800	2	4	1.74	0	0:00:35.442514
5820	5	5	2.94	1	0:00:35.461063
5840	2	2	3.67	1	0:00:35.448134
5860	0	9	17.9	0	0:00:35.328015
5880	0	0	21.1	1	0:00:35.262668
5900	4	0	5.39	0	0:00:35.414547
5920	8	8	11.2	1	0:00:35.310889
5940	7	7	5.72	1	0:00:35.290547
5960	2	-1	0.0	0	0:00:35.442010
5980	9	-1	0.0	0	0:00:35.373379
6000	8	8	6.97	1	0:00:35.458648
6020	6	7	5.55	0	0:00:35.527217
6040	2	6	5.62	0	0:00:35.467312
6060	3	5	10.0	0	0:00:35.335033
6080	1	1	1.54	1	0:00:35.341708
6100	1	1	20.7	1	0:00:35.291254
6120	5	5	8.06	1	0:00:35.308570
6140	9	9	4.87	1	0:00:35.324369
6160	2	6	3.33	0	0:00:35.302457
6180	0	9	4.24	0	0:00:35.343322
6200	3	2	3.57	0	0:00:35.381868
6220	2	6	8.27	0	0:00:35.350873
6240	2	2	8.34	1	0:00:35.287366
6260	2	0	1.01	0	0:00:35.350950
6280	8	5	8.2	0	0:00:35.238006
6300	1	7	4.11	0	0:00:35.303918
6320	0	0	10.8	1	0:00:35.189319
6340	3	-1	0.0	0	0:00:35.218828
6360	2	-1	0.0	0	0:00:35.350656
6380	3	6	3.42	0	0:00:35.263723
6400	0	3	1.01	0	0:00:35.277467
6420	7	8	9.99	0	0:00:35.153427
6440	3	7	5.57	0	0:00:35.086151
6460	3	1	11.0	0	0:00:35.240625
6480	0	0	21.1	1	0:00:35.125979
6500	7	6	7.42	0	0:00:35.227155
6520	6	4	21.1	0	0:00:35.163108
6540	8	9	8.14	0	0:00:35.231507
6560	6	7	6.67	0	0:00:35.185028
6580	1	9	12.0	0	0:00:35.166249
6600	7	7	13.4	1	0:00:35.182463
6620	7	7	4.03	1	0:00:35.496295
6640	5	3	5.9	0	0:00:35.458219
6660	0	0	21.1	1	0:00:35.276047
6680	3	3	5.12	1	0:00:35.433871
6700	6	-1	0.0	0	0:00:35.388776
6720	2	2	21.1	1	0:00:35.407410
6740	2	6	4.63	0	0:00:35.411403
6760	5	-1	0.0	0	0:00:35.400312
6780	7	7	13.7	1	0:00:35.390031
6800	6	6	5.07	1	0:00:35.398130
6820	1	1	17.6	1	0:00:35.359097
6840	9	-1	0.0	0	0:00:35.396813
6860	0	0	21.1	1	0:00:35.348532
6880	2	2	5.4	1	0:00:35.358768
6900	3	5	6.53	0	0:00:35.352928
6920	5	2	5.96	0	0:00:35.339288
6940	1	1	8.47	1	0:00:35.407745
6960	9	9	4.17	1	0:00:35.349650
6980	0	1	2.17	0	0:00:35.236585
7000	2	8	7.6	0	0:00:35.334886
7020	7	7	9.7	1	0:00:35.325901
7040	7	0	2.85	0	0:00:35.076178
7060	8	8	11.1	1	0:00:35.188585
7080	5	5	6.88	1	0:00:35.071086
7100	9	8	5.4	0	0:00:36.151824
7120	7	2	4.62	0	0:00:38.124104
7140	4	7	6.99	0	0:00:38.186946
7160	5	-1	0.0	0	0:00:37.995749
7180	6	6	21.1	1	0:00:38.263620
7200	4	3	2.85	0	0:00:38.303495
7220	9	9	6.27	1	0:00:38.240731
7240	0	8	8.45	0	0:00:38.393676
7260	1	9	10.8	0	0:00:38.203755
7280	1	9	8.97	0	0:00:38.270801
7300	3	-1	0.0	0	0:00:38.132098
7320	8	8	4.58	1	0:00:38.206410
7340	2	4	12.9	0	0:00:38.209911
7360	2	4	4.15	0	0:00:38.144830
7380	7	7	9.91	1	0:00:36.716418
7400	3	3	8.42	1	0:00:35.178391
7420	3	2	5.71	0	0:00:35.200541
7440	3	5	8.61	0	0:00:35.183013
7460	5	5	17.3	1	0:00:35.301486
7480	1	8	14.1	0	0:00:35.224367
7500	6	6	12.7	1	0:00:35.234452
7520	4	4	18.9	1	0:00:35.052201
7540	5	5	11.9	1	0:00:35.111944
7560	0	7	5.73	0	0:00:35.127948
7580	8	8	12.8	1	0:00:34.988861
7600	8	9	12.9	0	0:00:35.014989
7620	5	3	4.97	0	0:00:35.069594
7640	9	9	21.1	1	0:00:35.174767
7660	7	-1	0.0	0	0:00:34.925683
7680	3	9	4.96	0	0:00:34.983380
7700	6	6	21.1	1	0:00:35.177245
7720	5	5	8.23	1	0:00:35.149896
7740	4	5	7.98	0	0:00:35.180076
7760	2	9	6.14	0	0:00:35.194074
7780	3	8	11.5	0	0:00:35.315093
7800	0	0	5.88	1	0:00:35.285767
7820	5	5	2.53	1	0:00:35.303919
7840	1	1	15.9	1	0:00:35.243187
7860	8	9	2.56	0	0:00:35.219184
7880	0	0	21.1	1	0:00:35.318834
7900	0	8	6.93	0	0:00:35.331869
7920	9	3	3.63	0	0:00:35.398792
7940	2	6	5.33	0	0:00:35.392685
7960	0	1	3.29	0	0:00:35.415551
7980	3	3	8.89	1	0:00:35.399263
8000	9	9	7.58	1	0:00:35.348126
8020	6	6	5.05	1	0:00:35.453920
8040	2	2	15.9	1	0:00:35.362514
8060	6	6	8.94	1	0:00:35.435883
8080	4	7	7.1	0	0:00:35.394386
8100	6	2	9.48	0	0:00:35.360698
8120	8	8	5.12	1	0:00:35.427178
8140	5	5	7.54	1	0:00:35.382542
8160	6	1	9.23	0	0:00:35.345400
8180	4	6	21.1	0	0:00:35.370075
8200	3	6	8.57	0	0:00:35.394039
8220	6	5	6.45	0	0:00:35.425522
8240	7	7	19.6	1	0:00:35.331866
8260	1	1	5.89	1	0:00:35.460502
8280	4	3	9.22	0	0:00:35.376219
8300	5	3	1.41	0	0:00:35.388698
8320	7	3	2.92	0	0:00:35.251354
8340	5	3	21.1	0	0:00:35.514234
8360	7	7	19.9	1	0:00:35.393588
8380	9	9	17.6	1	0:00:35.202823
8400	0	9	3.3	0	0:00:34.918409
8420	3	3	1.34	1	0:00:35.120512
8440	5	9	1.72	0	0:00:35.303674
8460	8	8	21.1	1	0:00:35.277556
8480	2	2	4.05	1	0:00:35.213448
8500	4	4	7.33	1	0:00:35.174189
8520	8	2	5.58	0	0:00:35.282078
8540	4	-1	0.0	0	0:00:35.357669
8560	7	6	5.56	0	0:00:35.525823
8580	3	0	4.66	0	0:00:35.543536
8600	3	-1	0.0	0	0:00:35.504062
8620	3	2	1.72	0	0:00:35.408229
8640	1	-1	0.0	0	0:00:35.437629
8660	7	-1	0.0	0	0:00:35.440447
8680	3	7	6.83	0	0:00:35.353876
8700	3	3	20.3	1	0:00:35.377924
8720	2	0	21.1	0	0:00:35.326339
8740	2	2	7.63	1	0:00:35.356898
8760	8	8	11.4	1	0:00:35.289939
8780	4	7	16.6	0	0:00:35.423185
8800	0	0	21.1	1	0:00:35.416313
8820	2	2	17.4	1	0:00:35.476875
8840	2	-1	0.0	0	0:00:35.297390
8860	2	6	1.63	0	0:00:35.408592
8880	1	1	21.1	1	0:00:35.518200
8900	2	4	7.23	0	0:00:35.449139
8920	6	6	21.1	1	0:00:35.462704
8940	6	-1	0.0	0	0:00:35.353408
8960	0	0	21.1	1	0:00:35.455382
8980	9	8	6.43	0	0:00:35.504485
9000	8	8	10.3	1	0:00:35.263012
9020	7	9	0.738	0	0:00:35.324822
9040	2	5	7.26	0	0:00:35.143851
9060	9	-1	0.0	0	0:00:35.211898
9080	3	0	16.3	0	0:00:35.138027
9100	9	9	1.56	1	0:00:35.163040
9120	3	3	1.92	1	0:00:35.320451
9140	7	-1	0.0	0	0:00:35.198946
9160	5	5	11.2	1	0:00:35.373476
9180	5	5	7.2	1	0:00:35.412359
9200	8	8	17.3	1	0:00:35.404699
9220	8	8	20.3	1	0:00:35.643142
9240	8	8	21.1	1	0:00:35.363209
9260	5	5	4.6	1	0:00:35.323550
9280	9	1	9.03	0	0:00:35.315080
9300	5	5	4.79	1	0:00:35.262517
9320	9	9	14.4	1	0:00:35.406179
9340	1	0	2.07	0	0:00:35.406987
9360	5	5	6.57	1	0:00:35.444845
9380	5	3	2.95	0	0:00:35.558180
9400	6	6	3.11	1	0:00:35.455430
9420	5	6	0.344	0	0:00:35.560980
9440	8	8	16.6	1	0:00:35.486837
9460	3	-1	0.0	0	0:00:35.485466
9480	2	2	18.5	1	0:00:35.354455
9500	9	9	3.3	1	0:00:35.444401
9520	1	9	8.74	0	0:00:35.453157
9540	5	5	19.8	1	0:00:35.479118
9560	9	-1	0.0	0	0:00:35.330739
9580	1	1	21.1	1	0:00:35.369331
9600	8	8	18.6	1	0:00:35.409707
9620	4	6	4.98	0	0:00:35.376868
9640	5	2	5.98	0	0:00:35.487390
9660	6	6	10.4	1	0:00:35.430778
9680	8	8	21.1	1	0:00:35.274671
9700	0	0	21.1	1	0:00:35.094501
9720	8	1	2.33	0	0:00:35.171450
9740	3	2	14.3	0	0:00:35.138791
9760	9	7	6.76	0	0:00:35.135335
9780	4	6	6.24	0	0:00:35.040406
9800	1	1	7.52	1	0:00:35.170954
9820	0	8	21.1	0	0:00:35.177325
9840	4	3	9.17	0	0:00:35.010538
9860	0	0	4.41	1	0:00:35.168440
9880	7	7	6.78	1	0:00:35.168093
9900	8	8	6.92	1	0:00:35.170902
9920	6	6	3.93	1	0:00:35.161273
9940	4	-1	0.0	0	0:00:35.091110
9960	2	0	21.1	0	0:00:35.031880
9980	0	0	21.1	1	0:00:35.195907
