idx	label	predict	radius	correct	time
0	7	7	10.0	1	0:00:00.632236
20	9	9	5.83	1	0:00:00.065180
40	1	1	39.6	1	0:00:00.244351
60	7	7	9.0	1	0:00:00.100626
80	7	7	7.81	1	0:00:00.079274
100	6	6	10.0	1	0:00:00.085813
120	5	5	11.4	1	0:00:00.074873
140	6	6	12.0	1	0:00:00.060979
160	4	4	8.0	1	0:00:00.069983
180	1	1	14.6	1	0:00:00.057094
200	3	3	9.0	1	0:00:00.084702
220	7	7	7.0	1	0:00:00.076216
240	5	5	11.2	1	0:00:00.081556
260	8	8	10.3	1	0:00:00.089888
280	2	2	6.0	1	0:00:00.084816
300	4	4	10.0	1	0:00:00.079782
320	9	9	2.24	1	0:00:00.055798
340	5	5	5.39	1	0:00:00.065368
360	4	4	8.06	1	0:00:00.071028
380	0	0	6.4	1	0:00:00.064744
400	2	2	7.81	1	0:00:00.069585
420	4	4	6.32	1	0:00:00.052454
440	0	0	11.0	1	0:00:00.090000
460	5	5	8.94	1	0:00:00.062749
480	1	1	12.5	1	0:00:00.062873
500	3	3	9.22	1	0:00:00.056496
520	8	8	8.06	1	0:00:00.066954
540	5	5	11.0	1	0:00:00.055264
560	9	9	11.4	1	0:00:00.065508
580	8	8	10.8	1	0:00:00.061606
600	6	6	12.0	1	0:00:00.057004
620	0	0	9.85	1	0:00:00.070913
640	1	1	13.0	1	0:00:00.057890
660	4	4	10.6	1	0:00:00.063154
680	6	6	12.1	1	0:00:00.055269
700	1	1	13.3	1	0:00:00.065915
720	5	5	4.0	1	0:00:00.066675
740	4	4	2.0	1	0:00:00.059563
760	4	4	5.39	1	0:00:00.069882
780	3	3	5.0	1	0:00:00.066092
800	8	8	8.0	1	0:00:00.105536
820	6	6	11.3	1	0:00:00.068953
840	1	1	10.4	1	0:00:00.061169
860	6	6	8.06	1	0:00:00.059487
880	7	7	7.0	1	0:00:00.062438
900	1	1	9.0	1	0:00:00.064441
920	1	1	39.6	1	0:00:00.205541
940	6	6	10.0	1	0:00:00.076257
960	7	7	8.25	1	0:00:00.096608
980	2	2	11.0	1	0:00:00.065638
1000	9	9	9.85	1	0:00:00.064304
1020	3	3	9.9	1	0:00:00.069373
1040	1	1	39.6	1	0:00:00.198144
1060	4	4	10.0	1	0:00:00.087928
1080	4	4	10.8	1	0:00:00.069773
1100	7	7	10.6	1	0:00:00.060024
1120	8	8	10.2	1	0:00:00.065735
1140	4	4	11.0	1	0:00:00.059989
1160	4	4	9.9	1	0:00:00.070231
1180	1	1	12.0	1	0:00:00.064126
1200	8	8	8.06	1	0:00:00.070552
1220	0	0	8.94	1	0:00:00.072846
1240	1	1	9.49	1	0:00:00.070114
1260	7	1	0.0	0	0:00:00.056911
1280	1	1	39.6	1	0:00:00.209538
1300	4	4	12.2	1	0:00:00.061815
1320	8	8	9.85	1	0:00:00.064661
1340	5	5	10.0	1	0:00:00.069222
1360	1	1	39.6	1	0:00:00.228640
1380	9	9	9.85	1	0:00:00.062143
1400	6	6	10.0	1	0:00:00.064690
1420	6	6	13.0	1	0:00:00.063144
1440	4	4	8.49	1	0:00:00.075990
1460	5	5	12.2	1	0:00:00.060868
1480	3	3	9.49	1	0:00:00.067359
1500	7	7	2.24	1	0:00:00.061650
1520	7	7	6.08	1	0:00:00.065960
1540	7	7	8.25	1	0:00:00.053949
1560	8	8	10.0	1	0:00:00.095194
1580	4	4	10.8	1	0:00:00.074033
1600	3	3	5.0	1	0:00:00.066595
1620	2	2	9.0	1	0:00:00.068699
1640	9	9	8.0	1	0:00:00.089860
1660	7	7	7.0	1	0:00:00.084211
1680	4	4	9.06	1	0:00:00.070289
1700	0	0	11.4	1	0:00:00.090101
1720	4	4	10.3	1	0:00:00.091567
1740	8	8	6.71	1	0:00:00.085212
1760	1	1	10.3	1	0:00:00.066449
1780	1	1	39.6	1	0:00:00.209664
1800	6	6	2.24	1	0:00:00.069268
1820	1	1	15.7	1	0:00:00.106352
1840	3	3	7.0	1	0:00:00.075704
1860	5	5	11.0	1	0:00:00.094940
1880	6	6	3.16	1	0:00:00.081943
1900	1	1	4.12	1	0:00:00.068462
1920	4	4	6.71	1	0:00:00.077684
1940	5	5	9.0	1	0:00:00.077275
1960	8	8	9.22	1	0:00:00.078330
1980	4	4	10.2	1	0:00:00.067001
2000	6	6	12.0	1	0:00:00.061190
2020	3	3	8.06	1	0:00:00.065325
2040	5	5	7.21	1	0:00:00.054476
2060	0	0	9.85	1	0:00:00.076102
2080	3	3	9.06	1	0:00:00.058730
2100	5	5	9.22	1	0:00:00.068730
2120	4	4	10.2	1	0:00:00.069237
2140	6	6	6.08	1	0:00:00.073678
2160	6	6	11.0	1	0:00:00.055498
2180	5	5	9.9	1	0:00:00.104051
2200	2	2	9.43	1	0:00:00.075334
2220	7	7	12.0	1	0:00:00.052102
2240	7	7	11.0	1	0:00:00.063032
2260	2	2	10.0	1	0:00:00.051860
2280	3	3	3.0	1	0:00:00.061930
2300	3	3	8.94	1	0:00:00.054253
2320	9	9	9.9	1	0:00:00.068474
2340	4	4	10.6	1	0:00:00.070484
2360	6	6	10.0	1	0:00:00.073680
2380	9	9	4.0	1	0:00:00.103929
2400	5	5	9.22	1	0:00:00.097887
2420	9	9	8.0	1	0:00:00.056017
2440	4	4	9.85	1	0:00:00.067664
2460	5	5	6.32	1	0:00:00.057188
2480	7	7	5.0	1	0:00:00.064112
2500	2	2	8.06	1	0:00:00.070843
2520	8	8	8.94	1	0:00:00.056655
2540	5	5	10.0	1	0:00:00.070560
2560	3	3	5.83	1	0:00:00.079853
2580	6	6	12.0	1	0:00:00.069689
2600	8	8	10.2	1	0:00:00.068833
2620	6	6	10.3	1	0:00:00.073044
2640	8	8	11.0	1	0:00:00.058078
2660	0	0	9.22	1	0:00:00.062668
2680	4	4	9.22	1	0:00:00.068100
2700	7	7	10.8	1	0:00:00.061253
2720	9	4	0.0	0	0:00:00.077781
2740	9	9	5.1	1	0:00:00.053241
2760	9	9	5.83	1	0:00:00.067368
2780	2	2	6.0	1	0:00:00.056851
2800	8	8	7.21	1	0:00:00.092289
2820	7	7	5.0	1	0:00:00.075207
2840	3	3	9.22	1	0:00:00.059236
2860	6	6	2.24	1	0:00:00.065597
2880	1	1	13.9	1	0:00:00.062512
2900	4	4	7.62	1	0:00:00.056805
2920	6	6	9.0	1	0:00:00.071661
2940	2	2	5.0	1	0:00:00.071826
2960	8	8	9.49	1	0:00:00.050625
2980	6	6	10.0	1	0:00:00.073596
3000	6	6	11.0	1	0:00:00.078348
3020	0	0	10.6	1	0:00:00.066565
3040	7	7	9.0	1	0:00:00.076731
3060	9	9	3.16	1	0:00:00.072278
3080	3	3	11.0	1	0:00:00.075929
3100	5	5	7.21	1	0:00:00.064330
3120	3	3	10.8	1	0:00:00.073237
3140	0	0	10.0	1	0:00:00.072006
3160	9	9	7.0	1	0:00:00.055801
3180	2	2	8.54	1	0:00:00.072222
3200	9	9	10.0	1	0:00:00.078326
3220	5	5	10.3	1	0:00:00.067785
3240	9	9	7.21	1	0:00:00.059246
3260	2	2	5.0	1	0:00:00.080460
3280	2	2	7.0	1	0:00:00.056767
3300	3	3	4.24	1	0:00:00.066775
3320	1	1	39.6	1	0:00:00.184615
3340	8	8	10.0	1	0:00:00.064506
3360	7	7	9.22	1	0:00:00.055305
3380	1	1	39.6	1	0:00:00.250025
3400	7	7	10.0	1	0:00:00.068624
3420	1	1	39.6	1	0:00:00.196099
3440	8	8	10.0	1	0:00:00.062551
3460	9	9	7.0	1	0:00:00.058238
3480	1	1	12.2	1	0:00:00.075982
3500	4	4	10.6	1	0:00:00.072637
3520	6	6	1.0	1	0:00:00.056459
3540	0	0	8.0	1	0:00:00.063865
3560	6	6	9.22	1	0:00:00.058159
3580	7	7	1.41	1	0:00:00.064396
3600	2	2	4.0	1	0:00:00.056996
3620	3	3	8.54	1	0:00:00.069152
3640	0	0	7.0	1	0:00:00.079406
3660	0	0	9.22	1	0:00:00.064599
3680	0	0	10.3	1	0:00:00.067380
3700	4	4	10.6	1	0:00:00.064722
3720	7	7	8.06	1	0:00:00.064772
3740	3	3	7.62	1	0:00:00.070318
3760	9	9	9.85	1	0:00:00.082140
3780	4	4	9.22	1	0:00:00.059523
3800	6	6	10.0	1	0:00:00.065891
3820	9	9	5.39	1	0:00:00.052958
3840	9	9	7.21	1	0:00:00.085480
3860	5	5	8.94	1	0:00:00.087913
3880	8	8	9.0	1	0:00:00.057837
3900	1	1	11.7	1	0:00:00.065238
3920	7	7	11.7	1	0:00:00.059118
3940	0	0	8.49	1	0:00:00.065077
3960	5	5	11.2	1	0:00:00.067605
3980	0	0	9.85	1	0:00:00.056931
4000	9	9	7.62	1	0:00:00.067252
4020	8	8	10.0	1	0:00:00.056329
4040	9	9	11.2	1	0:00:00.062170
4060	4	4	9.22	1	0:00:00.061203
4080	0	0	9.22	1	0:00:00.086375
4100	2	2	9.85	1	0:00:00.067180
4120	3	3	8.06	1	0:00:00.083010
4140	8	8	7.0	1	0:00:00.071654
4160	6	6	9.0	1	0:00:00.063696
4180	2	2	4.47	1	0:00:00.075088
4200	7	7	10.8	1	0:00:00.067236
4220	3	3	9.49	1	0:00:00.064978
4240	9	9	10.0	1	0:00:00.094743
4260	2	2	8.0	1	0:00:00.055393
4280	9	9	9.49	1	0:00:00.062323
4300	5	5	6.32	1	0:00:00.063559
4320	0	0	11.4	1	0:00:00.061603
4340	5	5	11.4	1	0:00:00.068695
4360	5	5	7.07	1	0:00:00.058847
4380	8	8	2.24	1	0:00:00.065459
4400	7	7	4.47	1	0:00:00.057433
4420	5	5	9.43	1	0:00:00.067199
4440	5	5	10.0	1	0:00:00.063611
4460	7	7	7.62	1	0:00:00.075528
4480	9	9	8.94	1	0:00:00.075893
4500	9	9	3.0	1	0:00:00.064303
4520	5	5	11.0	1	0:00:00.073090
4540	7	7	5.0	1	0:00:00.061900
4560	9	9	8.0	1	0:00:00.061169
4580	1	1	13.4	1	0:00:00.065648
4600	3	3	10.8	1	0:00:00.069474
4620	6	4	0.0	0	0:00:00.064098
4640	8	8	9.0	1	0:00:00.066240
4660	7	7	7.07	1	0:00:00.059251
4680	6	6	11.0	1	0:00:00.073794
4700	9	9	8.94	1	0:00:00.067133
4720	0	0	9.43	1	0:00:00.056539
4740	3	5	0.0	0	0:00:00.060761
4760	7	7	8.54	1	0:00:00.052333
4780	0	0	9.9	1	0:00:00.063051
4800	7	7	10.0	1	0:00:00.058081
4820	8	8	9.85	1	0:00:00.066213
4840	9	9	10.0	1	0:00:00.070247
4860	4	4	5.66	1	0:00:00.060100
4880	0	0	2.0	1	0:00:00.102842
4900	7	7	10.0	1	0:00:00.067736
4920	2	2	10.0	1	0:00:00.056480
4940	3	3	8.06	1	0:00:00.104387
4960	8	8	7.07	1	0:00:00.067127
4980	6	6	8.0	1	0:00:00.066562
5000	3	3	8.54	1	0:00:00.070215
5020	5	5	8.06	1	0:00:00.064261
5040	7	7	9.0	1	0:00:00.098695
5060	9	9	10.4	1	0:00:00.063335
5080	9	9	11.7	1	0:00:00.062646
5100	9	9	9.49	1	0:00:00.065726
5120	2	2	10.0	1	0:00:00.065068
5140	3	3	8.25	1	0:00:00.065984
5160	5	5	10.8	1	0:00:00.058095
5180	7	7	10.4	1	0:00:00.074665
5200	4	4	8.94	1	0:00:00.061121
5220	9	9	8.06	1	0:00:00.076151
5240	7	7	8.06	1	0:00:00.061429
5260	4	4	8.54	1	0:00:00.105474
5280	0	0	10.0	1	0:00:00.067742
5300	8	8	10.0	1	0:00:00.073001
5320	0	0	11.4	1	0:00:00.086014
5340	2	2	11.4	1	0:00:00.062532
5360	8	8	8.25	1	0:00:00.086986
5380	8	8	8.25	1	0:00:00.070463
5400	5	5	10.8	1	0:00:00.068833
5420	5	5	9.06	1	0:00:00.070946
5440	4	4	9.22	1	0:00:00.057333
5460	1	1	14.3	1	0:00:00.067277
5480	5	5	10.3	1	0:00:00.060614
5500	4	4	10.8	1	0:00:00.066893
5520	1	1	13.0	1	0:00:00.074614
5540	7	7	9.0	1	0:00:00.066748
5560	7	7	8.94	1	0:00:00.075072
5580	9	9	9.0	1	0:00:00.072353
5600	7	7	8.0	1	0:00:00.062089
5620	7	7	8.25	1	0:00:00.078002
5640	7	7	10.2	1	0:00:00.075525
5660	6	6	12.0	1	0:00:00.081273
5680	8	8	9.22	1	0:00:00.052548
5700	3	3	8.94	1	0:00:00.069389
5720	4	4	10.3	1	0:00:00.062908
5740	3	3	8.25	1	0:00:00.062800
5760	3	3	11.0	1	0:00:00.067029
5780	3	3	9.43	1	0:00:00.057492
5800	9	9	9.0	1	0:00:00.071604
5820	2	2	10.0	1	0:00:00.055768
5840	2	2	8.25	1	0:00:00.065636
5860	3	3	7.07	1	0:00:00.059277
5880	1	1	14.3	1	0:00:00.074520
5900	4	4	11.2	1	0:00:00.058609
5920	6	6	10.0	1	0:00:00.062887
5940	8	8	10.2	1	0:00:00.064228
5960	8	8	4.0	1	0:00:00.068963
5980	0	0	9.85	1	0:00:00.075798
6000	9	9	11.0	1	0:00:00.063895
6020	6	6	11.0	1	0:00:00.073650
6040	0	0	9.22	1	0:00:00.057236
6060	1	1	12.0	1	0:00:00.055412
6080	8	8	5.0	1	0:00:00.063324
6100	4	4	12.5	1	0:00:00.065947
6120	5	5	10.4	1	0:00:00.058983
6140	0	0	11.2	1	0:00:00.070660
6160	3	3	9.0	1	0:00:00.071851
6180	2	2	9.22	1	0:00:00.083478
6200	9	9	10.0	1	0:00:00.068933
6220	4	4	11.0	1	0:00:00.057535
6240	2	2	9.06	1	0:00:00.063796
6260	3	3	10.3	1	0:00:00.056117
6280	0	0	11.0	1	0:00:00.067170
6300	4	4	10.0	1	0:00:00.058250
6320	1	1	15.3	1	0:00:00.061437
6340	2	2	10.4	1	0:00:00.058298
6360	7	7	10.2	1	0:00:00.069077
6380	7	7	11.0	1	0:00:00.089856
6400	0	0	4.47	1	0:00:00.077011
6420	9	9	11.7	1	0:00:00.096799
6440	3	3	11.4	1	0:00:00.069760
6460	4	4	6.32	1	0:00:00.062586
6480	2	2	7.07	1	0:00:00.064236
6500	5	5	11.4	1	0:00:00.059458
6520	9	9	9.22	1	0:00:00.066684
6540	1	1	14.9	1	0:00:00.061742
6560	9	9	6.08	1	0:00:00.077204
6580	0	0	8.94	1	0:00:00.062115
6600	5	5	7.0	1	0:00:00.100730
6620	5	5	10.2	1	0:00:00.057972
6640	7	7	11.2	1	0:00:00.069587
6660	4	4	10.0	1	0:00:00.059884
6680	1	1	39.6	1	0:00:00.215737
6700	4	4	9.49	1	0:00:00.077749
6720	1	1	13.9	1	0:00:00.059318
6740	9	9	5.83	1	0:00:00.066273
6760	0	0	11.2	1	0:00:00.063777
6780	4	4	6.71	1	0:00:00.065328
6800	2	2	9.0	1	0:00:00.055338
6820	2	2	6.0	1	0:00:00.063045
6840	3	3	7.28	1	0:00:00.060468
6860	5	5	10.8	1	0:00:00.062445
6880	5	5	11.3	1	0:00:00.063416
6900	6	6	11.0	1	0:00:00.064059
6920	2	2	5.0	1	0:00:00.058900
6940	3	3	9.22	1	0:00:00.069714
6960	7	7	11.0	1	0:00:00.074588
6980	9	9	9.85	1	0:00:00.062612
7000	1	1	39.6	1	0:00:00.227833
7020	6	6	10.0	1	0:00:00.057333
7040	3	3	7.0	1	0:00:00.090943
7060	8	8	11.0	1	0:00:00.071054
7080	8	8	9.22	1	0:00:00.060979
7100	2	2	10.2	1	0:00:00.068730
7120	2	2	11.0	1	0:00:00.060069
7140	3	3	8.0	1	0:00:00.070613
7160	5	5	10.4	1	0:00:00.056440
7180	7	7	10.4	1	0:00:00.065857
7200	8	8	11.0	1	0:00:00.064319
7220	8	8	8.0	1	0:00:00.073410
7240	5	5	5.0	1	0:00:00.061495
7260	7	7	10.0	1	0:00:00.068307
7280	1	1	14.9	1	0:00:00.059828
7300	7	7	11.0	1	0:00:00.067168
7320	7	7	9.22	1	0:00:00.087893
7340	1	1	13.6	1	0:00:00.056560
7360	9	9	11.2	1	0:00:00.094011
7380	9	9	9.85	1	0:00:00.066313
7400	2	2	8.54	1	0:00:00.078904
7420	2	2	9.06	1	0:00:00.067682
7440	0	0	10.0	1	0:00:00.097379
7460	7	7	10.0	1	0:00:00.060501
7480	1	1	13.9	1	0:00:00.065757
7500	8	8	10.3	1	0:00:00.059473
7520	4	4	8.06	1	0:00:00.078846
7540	6	6	9.06	1	0:00:00.089935
7560	4	4	10.0	1	0:00:00.069243
7580	9	9	7.81	1	0:00:00.076120
7600	1	1	14.8	1	0:00:00.100291
7620	3	3	9.0	1	0:00:00.064163
7640	9	9	8.0	1	0:00:00.076545
7660	8	8	8.6	1	0:00:00.060452
7680	9	9	8.0	1	0:00:00.066789
7700	9	9	8.54	1	0:00:00.055739
7720	8	8	6.32	1	0:00:00.070792
7740	3	3	10.3	1	0:00:00.063154
7760	7	7	11.0	1	0:00:00.077963
7780	0	0	11.2	1	0:00:00.074708
7800	3	3	8.06	1	0:00:00.095020
7820	0	0	8.0	1	0:00:00.069147
7840	2	2	11.4	1	0:00:00.074050
7860	6	6	6.32	1	0:00:00.064147
7880	6	6	8.0	1	0:00:00.076456
7900	1	1	5.83	1	0:00:00.073304
7920	1	1	4.47	1	0:00:00.084046
7940	7	7	8.0	1	0:00:00.082769
7960	7	7	9.49	1	0:00:00.067619
7980	1	1	13.3	1	0:00:00.075782
8000	4	4	7.81	1	0:00:00.064192
8020	1	1	7.81	1	0:00:00.064790
8040	6	6	10.0	1	0:00:00.061531
8060	3	3	8.25	1	0:00:00.063671
8080	3	3	10.3	1	0:00:00.070482
8100	1	1	10.4	1	0:00:00.056611
8120	3	3	7.81	1	0:00:00.075751
8140	3	3	9.06	1	0:00:00.065355
8160	5	5	5.39	1	0:00:00.064624
8180	5	5	9.06	1	0:00:00.065747
8200	6	6	11.0	1	0:00:00.057544
8220	4	4	10.8	1	0:00:00.061284
8240	6	6	10.0	1	0:00:00.050661
8260	0	0	8.49	1	0:00:00.066336
8280	4	4	9.85	1	0:00:00.057070
8300	8	8	10.2	1	0:00:00.069995
8320	2	2	9.49	1	0:00:00.056863
8340	1	1	13.9	1	0:00:00.067011
8360	1	1	12.2	1	0:00:00.055645
8380	6	6	10.0	1	0:00:00.087606
8400	4	4	10.8	1	0:00:00.088916
8420	1	1	39.6	1	0:00:00.200329
8440	8	8	7.28	1	0:00:00.061439
8460	2	2	9.49	1	0:00:00.064907
8480	7	7	11.0	1	0:00:00.060108
8500	4	4	11.2	1	0:00:00.061557
8520	4	4	6.08	1	0:00:00.053275
8540	1	1	13.0	1	0:00:00.066727
8560	2	2	10.6	1	0:00:00.064440
8580	6	6	7.0	1	0:00:00.074532
8600	1	1	14.3	1	0:00:00.064944
8620	7	7	9.22	1	0:00:00.062106
8640	9	9	11.0	1	0:00:00.070599
8660	3	3	11.0	1	0:00:00.052673
8680	9	9	11.4	1	0:00:00.076030
8700	9	9	10.3	1	0:00:00.101691
8720	1	1	13.9	1	0:00:00.073775
8740	1	1	14.3	1	0:00:00.077986
8760	6	6	9.0	1	0:00:00.078349
8780	3	3	10.4	1	0:00:00.054031
8800	2	2	10.8	1	0:00:00.087010
8820	2	2	9.49	1	0:00:00.067406
8840	3	3	10.6	1	0:00:00.078745
8860	3	3	10.0	1	0:00:00.103246
8880	2	2	10.8	1	0:00:00.060663
8900	9	9	9.49	1	0:00:00.079523
8920	9	9	11.2	1	0:00:00.057325
8940	5	5	10.2	1	0:00:00.072630
8960	4	4	9.06	1	0:00:00.056522
8980	1	1	17.0	1	0:00:00.070750
9000	7	7	9.0	1	0:00:00.067857
9020	8	8	11.4	1	0:00:00.056933
9040	6	6	10.0	1	0:00:00.064238
9060	0	0	11.0	1	0:00:00.076920
9080	0	0	10.4	1	0:00:00.083272
9100	3	3	9.0	1	0:00:00.069169
9120	1	1	14.3	1	0:00:00.053455
9140	1	1	13.3	1	0:00:00.067638
9160	5	5	12.0	1	0:00:00.053950
9180	1	1	14.1	1	0:00:00.072186
9200	1	1	12.0	1	0:00:00.058197
9220	0	0	11.4	1	0:00:00.066938
9240	6	6	9.06	1	0:00:00.061717
9260	5	5	9.0	1	0:00:00.068760
9280	8	8	4.47	1	0:00:00.058566
9300	7	7	10.8	1	0:00:00.063567
9320	4	4	10.0	1	0:00:00.055884
9340	7	7	10.0	1	0:00:00.062690
9360	5	5	10.6	1	0:00:00.064824
9380	3	3	10.0	1	0:00:00.079855
9400	5	5	8.25	1	0:00:00.067109
9420	8	8	11.0	1	0:00:00.069687
9440	0	0	9.0	1	0:00:00.071774
9460	3	3	10.3	1	0:00:00.096781
9480	2	2	10.2	1	0:00:00.060272
9500	2	2	10.0	1	0:00:00.068583
9520	1	1	14.3	1	0:00:00.068623
9540	1	1	5.83	1	0:00:00.075325
9560	7	7	3.61	1	0:00:00.065827
9580	9	9	8.6	1	0:00:00.056524
9600	5	5	9.49	1	0:00:00.071301
9620	9	9	3.16	1	0:00:00.064817
9640	7	7	9.0	1	0:00:00.062026
9660	7	7	8.54	1	0:00:00.051726
9680	3	3	9.06	1	0:00:00.063689
9700	2	2	4.47	1	0:00:00.071928
9720	6	6	9.85	1	0:00:00.065616
9740	9	9	8.0	1	0:00:00.064928
9760	1	1	39.6	1	0:00:00.199886
9780	8	8	4.24	1	0:00:00.060486
9800	0	0	9.49	1	0:00:00.066896
9820	2	2	8.0	1	0:00:00.064543
9840	3	3	5.83	1	0:00:00.070032
9860	3	3	9.49	1	0:00:00.062900
9880	2	2	7.62	1	0:00:00.067028
9900	8	8	9.22	1	0:00:00.063179
9920	8	8	11.0	1	0:00:00.069430
9940	6	6	7.07	1	0:00:00.056895
9960	4	4	11.2	1	0:00:00.071145
9980	2	2	7.28	1	0:00:00.076704
