idx	label	predict	radius	correct	time
0	7	7	10.0	1	0:00:00.595038
20	9	9	14.0	1	0:00:00.054986
40	1	1	14.3	1	0:00:00.071577
60	7	7	11.3	1	0:00:00.070766
80	7	7	12.1	1	0:00:00.053455
100	6	6	14.8	1	0:00:00.053540
120	5	5	12.7	1	0:00:00.065655
140	6	6	14.0	1	0:00:00.064273
160	4	4	8.06	1	0:00:00.052496
180	1	1	21.8	1	0:00:00.140024
200	3	3	11.2	1	0:00:00.056325
220	7	7	7.62	1	0:00:00.062010
240	5	5	13.9	1	0:00:00.051685
260	8	8	15.6	1	0:00:00.061059
280	2	2	9.49	1	0:00:00.050353
300	4	4	9.85	1	0:00:00.061357
320	9	9	1.0	1	0:00:00.064857
340	5	5	5.0	1	0:00:00.051578
360	4	4	7.0	1	0:00:00.062371
380	0	0	6.08	1	0:00:00.052309
400	2	2	10.0	1	0:00:00.067007
420	4	4	1.0	1	0:00:00.053286
440	0	0	12.5	1	0:00:00.069058
460	5	5	12.6	1	0:00:00.060884
480	1	1	8.54	1	0:00:00.051768
500	3	3	12.2	1	0:00:00.074950
520	8	8	14.8	1	0:00:00.059818
540	5	5	15.3	1	0:00:00.063982
560	9	9	16.3	1	0:00:00.068672
580	8	8	11.4	1	0:00:00.067853
600	6	6	17.1	1	0:00:00.063766
620	0	0	13.4	1	0:00:00.064608
640	1	1	13.6	1	0:00:00.064723
660	4	4	12.0	1	0:00:00.058986
680	6	6	12.0	1	0:00:00.059103
700	1	1	14.0	1	0:00:00.063917
720	5	5	9.0	1	0:00:00.087696
740	4	4	1.0	1	0:00:00.062011
760	4	4	11.2	1	0:00:00.080109
780	3	3	8.0	1	0:00:00.081505
800	8	8	11.0	1	0:00:00.067822
820	6	6	14.9	1	0:00:00.056990
840	1	1	11.2	1	0:00:00.074476
860	6	6	15.6	1	0:00:00.057730
880	7	7	7.07	1	0:00:00.109809
900	1	1	6.0	1	0:00:00.087218
920	1	1	12.2	1	0:00:00.067270
940	6	6	4.47	1	0:00:00.076113
960	7	7	13.0	1	0:00:00.070803
980	2	2	14.8	1	0:00:00.067310
1000	9	9	10.6	1	0:00:00.066955
1020	3	3	9.06	1	0:00:00.053458
1040	1	1	18.4	1	0:00:00.132261
1060	4	4	13.5	1	0:00:00.057966
1080	4	4	12.2	1	0:00:00.074985
1100	7	7	12.0	1	0:00:00.070586
1120	8	8	16.3	1	0:00:00.059380
1140	4	4	13.3	1	0:00:00.069062
1160	4	4	12.1	1	0:00:00.062236
1180	1	1	13.9	1	0:00:00.077938
1200	8	8	10.4	1	0:00:00.072469
1220	0	0	11.7	1	0:00:00.066595
1240	1	1	12.4	1	0:00:00.056090
1260	7	7	5.0	1	0:00:00.065153
1280	1	1	11.4	1	0:00:00.056815
1300	4	4	14.1	1	0:00:00.088271
1320	8	8	13.4	1	0:00:00.071153
1340	5	5	12.8	1	0:00:00.055375
1360	1	1	14.0	1	0:00:00.067270
1380	9	9	13.9	1	0:00:00.066422
1400	6	6	14.1	1	0:00:00.076923
1420	6	6	15.1	1	0:00:00.066982
1440	4	4	7.62	1	0:00:00.054466
1460	5	5	16.6	1	0:00:00.071222
1480	3	3	13.0	1	0:00:00.102139
1500	7	7	5.39	1	0:00:00.074288
1520	7	7	10.8	1	0:00:00.060633
1540	7	7	13.0	1	0:00:00.070910
1560	8	8	16.0	1	0:00:00.060019
1580	4	4	15.0	1	0:00:00.071777
1600	3	3	7.62	1	0:00:00.092114
1620	2	2	12.4	1	0:00:00.058423
1640	9	9	9.0	1	0:00:00.068822
1660	7	7	8.0	1	0:00:00.057955
1680	4	4	13.0	1	0:00:00.063979
1700	0	0	16.2	1	0:00:00.051867
1720	4	4	13.5	1	0:00:00.066868
1740	8	8	14.8	1	0:00:00.053512
1760	1	1	13.6	1	0:00:00.063183
1780	1	1	11.4	1	0:00:00.083898
1800	6	6	4.47	1	0:00:00.057404
1820	1	1	9.0	1	0:00:00.086955
1840	3	3	7.0	1	0:00:00.106775
1860	5	5	12.2	1	0:00:00.059145
1880	6	6	9.22	1	0:00:00.069202
1900	1	1	9.0	1	0:00:00.055190
1920	4	4	10.8	1	0:00:00.068362
1940	5	5	4.47	1	0:00:00.054625
1960	8	8	17.0	1	0:00:00.072980
1980	4	4	13.9	1	0:00:00.055470
2000	6	6	7.07	1	0:00:00.073081
2020	3	3	11.4	1	0:00:00.090416
2040	5	5	10.6	1	0:00:00.055542
2060	0	0	14.6	1	0:00:00.077394
2080	3	3	11.7	1	0:00:00.076746
2100	5	5	13.9	1	0:00:00.063807
2120	4	4	15.3	1	0:00:00.071161
2140	6	6	12.2	1	0:00:00.074666
2160	6	6	8.0	1	0:00:00.097434
2180	5	5	12.2	1	0:00:00.063200
2200	2	2	12.0	1	0:00:00.058696
2220	7	7	12.0	1	0:00:00.067850
2240	7	7	12.0	1	0:00:00.056108
2260	2	2	12.1	1	0:00:00.067708
2280	3	5	0.0	0	0:00:00.058064
2300	3	3	9.0	1	0:00:00.065202
2320	9	9	10.3	1	0:00:00.056099
2340	4	4	15.2	1	0:00:00.063254
2360	6	6	14.3	1	0:00:00.059452
2380	9	9	7.28	1	0:00:00.072226
2400	5	5	12.2	1	0:00:00.069720
2420	9	9	11.0	1	0:00:00.090901
2440	4	4	14.3	1	0:00:00.066279
2460	5	5	10.0	1	0:00:00.063695
2480	7	7	3.16	1	0:00:00.053524
2500	2	2	12.0	1	0:00:00.064609
2520	8	8	14.0	1	0:00:00.077008
2540	5	5	10.4	1	0:00:00.055754
2560	3	3	6.0	1	0:00:00.066216
2580	6	6	13.0	1	0:00:00.060199
2600	8	8	15.0	1	0:00:00.073438
2620	6	6	14.1	1	0:00:00.071946
2640	8	8	14.0	1	0:00:00.053454
2660	0	0	12.1	1	0:00:00.072223
2680	4	4	13.0	1	0:00:00.059914
2700	7	7	8.6	1	0:00:00.087669
2720	9	9	8.06	1	0:00:00.063240
2740	9	9	13.0	1	0:00:00.052394
2760	9	9	10.0	1	0:00:00.064949
2780	2	0	0.0	0	0:00:00.054257
2800	8	8	13.0	1	0:00:00.068648
2820	7	7	10.8	1	0:00:00.076926
2840	3	3	11.7	1	0:00:00.064812
2860	6	5	0.0	0	0:00:00.061022
2880	1	1	11.7	1	0:00:00.072479
2900	4	4	11.0	1	0:00:00.058584
2920	6	6	11.7	1	0:00:00.068511
2940	2	2	10.0	1	0:00:00.072003
2960	8	8	12.0	1	0:00:00.084826
2980	6	6	13.9	1	0:00:00.063786
3000	6	6	14.0	1	0:00:00.074227
3020	0	0	14.3	1	0:00:00.072031
3040	7	7	11.0	1	0:00:00.071692
3060	9	9	1.41	1	0:00:00.050585
3080	3	3	12.4	1	0:00:00.066596
3100	5	5	11.7	1	0:00:00.051461
3120	3	3	14.9	1	0:00:00.069504
3140	0	0	12.2	1	0:00:00.056837
3160	9	9	7.28	1	0:00:00.069573
3180	2	2	9.49	1	0:00:00.053602
3200	9	9	13.9	1	0:00:00.074072
3220	5	5	9.06	1	0:00:00.063922
3240	9	9	7.07	1	0:00:00.069472
3260	2	2	11.0	1	0:00:00.082814
3280	2	2	10.0	1	0:00:00.061019
3300	3	3	9.0	1	0:00:00.071507
3320	1	1	10.3	1	0:00:00.054082
3340	8	8	14.1	1	0:00:00.067261
3360	7	7	13.0	1	0:00:00.057482
3380	1	1	10.6	1	0:00:00.064103
3400	7	7	10.0	1	0:00:00.056331
3420	1	1	10.8	1	0:00:00.065816
3440	8	8	12.0	1	0:00:00.084852
3460	9	9	10.0	1	0:00:00.061101
3480	1	1	11.7	1	0:00:00.091957
3500	4	4	12.1	1	0:00:00.101323
3520	6	2	0.0	0	0:00:00.078620
3540	0	0	9.85	1	0:00:00.054010
3560	6	6	16.2	1	0:00:00.076682
3580	7	7	9.0	1	0:00:00.056768
3600	2	2	5.0	1	0:00:00.062053
3620	3	3	15.8	1	0:00:00.051220
3640	0	0	12.1	1	0:00:00.066840
3660	0	0	14.1	1	0:00:00.065164
3680	0	0	13.9	1	0:00:00.050129
3700	4	4	11.2	1	0:00:00.069458
3720	7	7	11.0	1	0:00:00.050190
3740	3	3	8.0	1	0:00:00.068683
3760	9	9	15.0	1	0:00:00.080832
3780	4	4	7.07	1	0:00:00.058282
3800	6	6	9.0	1	0:00:00.069336
3820	9	9	8.06	1	0:00:00.060599
3840	9	9	11.7	1	0:00:00.064398
3860	5	5	10.6	1	0:00:00.093451
3880	8	8	16.0	1	0:00:00.059516
3900	1	1	14.0	1	0:00:00.065233
3920	7	7	12.0	1	0:00:00.052573
3940	0	0	10.0	1	0:00:00.060964
3960	5	5	12.2	1	0:00:00.050046
3980	0	0	13.6	1	0:00:00.064673
4000	9	9	9.49	1	0:00:00.061900
4020	8	8	14.9	1	0:00:00.062314
4040	9	9	15.0	1	0:00:00.067841
4060	4	4	11.7	1	0:00:00.062163
4080	0	0	13.0	1	0:00:00.084802
4100	2	2	5.0	1	0:00:00.079263
4120	3	3	12.4	1	0:00:00.066723
4140	8	8	10.0	1	0:00:00.091517
4160	6	6	11.0	1	0:00:00.099900
4180	2	2	9.0	1	0:00:00.051615
4200	7	7	11.0	1	0:00:00.066335
4220	3	3	12.6	1	0:00:00.055008
4240	9	9	10.2	1	0:00:00.065027
4260	2	2	9.0	1	0:00:00.054590
4280	9	9	14.0	1	0:00:00.062582
4300	5	5	9.0	1	0:00:00.057811
4320	0	0	17.7	1	0:00:00.069454
4340	5	5	12.0	1	0:00:00.063334
4360	5	5	2.0	1	0:00:00.073845
4380	8	8	8.0	1	0:00:00.094653
4400	7	7	6.32	1	0:00:00.071176
4420	5	5	9.43	1	0:00:00.063419
4440	5	5	12.4	1	0:00:00.054899
4460	7	7	6.08	1	0:00:00.062704
4480	9	9	6.08	1	0:00:00.065725
4500	9	9	4.0	1	0:00:00.070717
4520	5	5	12.8	1	0:00:00.071783
4540	7	7	9.22	1	0:00:00.058338
4560	9	9	9.43	1	0:00:00.067590
4580	1	1	11.2	1	0:00:00.066271
4600	3	3	15.0	1	0:00:00.057055
4620	6	6	3.0	1	0:00:00.069840
4640	8	8	14.3	1	0:00:00.063956
4660	7	7	8.06	1	0:00:00.071702
4680	6	6	15.3	1	0:00:00.059760
4700	9	9	13.0	1	0:00:00.082204
4720	0	0	6.4	1	0:00:00.079536
4740	3	3	1.0	1	0:00:00.087959
4760	7	7	11.0	1	0:00:00.072128
4780	0	0	11.7	1	0:00:00.063782
4800	7	7	11.0	1	0:00:00.083134
4820	8	8	13.9	1	0:00:00.090409
4840	9	9	12.0	1	0:00:00.070773
4860	4	9	0.0	0	0:00:00.082844
4880	0	0	7.0	1	0:00:00.076018
4900	7	7	12.5	1	0:00:00.084136
4920	2	2	13.0	1	0:00:00.075515
4940	3	3	12.0	1	0:00:00.062773
4960	8	8	14.3	1	0:00:00.065759
4980	6	6	14.0	1	0:00:00.063651
5000	3	3	12.0	1	0:00:00.095190
5020	5	5	8.0	1	0:00:00.069995
5040	7	7	13.6	1	0:00:00.065808
5060	9	9	13.0	1	0:00:00.058336
5080	9	9	15.0	1	0:00:00.064648
5100	9	9	15.5	1	0:00:00.052110
5120	2	2	13.0	1	0:00:00.075453
5140	3	3	10.0	1	0:00:00.075052
5160	5	5	10.8	1	0:00:00.061829
5180	7	7	7.07	1	0:00:00.064757
5200	4	4	11.7	1	0:00:00.062622
5220	9	9	12.5	1	0:00:00.068147
5240	7	7	9.22	1	0:00:00.068048
5260	4	4	7.62	1	0:00:00.079418
5280	0	0	14.9	1	0:00:00.082563
5300	8	8	16.1	1	0:00:00.094601
5320	0	0	16.0	1	0:00:00.101743
5340	2	2	14.3	1	0:00:00.065942
5360	8	8	13.0	1	0:00:00.071977
5380	8	8	13.4	1	0:00:00.061036
5400	5	5	12.1	1	0:00:00.062284
5420	5	5	12.0	1	0:00:00.053830
5440	4	4	13.0	1	0:00:00.066372
5460	1	1	10.8	1	0:00:00.054120
5480	5	5	12.5	1	0:00:00.064248
5500	4	4	12.8	1	0:00:00.058840
5520	1	1	16.0	1	0:00:00.070354
5540	7	7	10.0	1	0:00:00.054637
5560	7	7	15.0	1	0:00:00.062946
5580	9	9	11.0	1	0:00:00.051269
5600	7	7	8.94	1	0:00:00.059583
5620	7	7	9.22	1	0:00:00.060910
5640	7	7	14.0	1	0:00:00.062059
5660	6	6	13.3	1	0:00:00.101036
5680	8	8	12.2	1	0:00:00.055936
5700	3	3	12.0	1	0:00:00.065342
5720	4	4	6.4	1	0:00:00.052402
5740	3	3	12.0	1	0:00:00.061622
5760	3	3	14.9	1	0:00:00.053737
5780	3	3	13.0	1	0:00:00.066445
5800	9	9	9.85	1	0:00:00.065029
5820	2	2	14.4	1	0:00:00.061731
5840	2	2	13.0	1	0:00:00.068830
5860	3	3	11.2	1	0:00:00.056391
5880	1	1	16.1	1	0:00:00.064322
5900	4	4	14.4	1	0:00:00.053317
5920	6	6	14.0	1	0:00:00.063804
5940	8	8	12.0	1	0:00:00.053916
5960	8	8	12.0	1	0:00:00.061237
5980	0	0	14.8	1	0:00:00.073670
6000	9	9	5.0	1	0:00:00.064738
6020	6	6	7.28	1	0:00:00.061666
6040	0	0	13.9	1	0:00:00.054096
6060	1	1	14.8	1	0:00:00.064615
6080	8	8	9.0	1	0:00:00.064976
6100	4	4	14.4	1	0:00:00.069585
6120	5	5	15.3	1	0:00:00.077182
6140	0	0	13.5	1	0:00:00.053529
6160	3	3	10.4	1	0:00:00.069570
6180	2	2	13.0	1	0:00:00.057684
6200	9	9	11.4	1	0:00:00.069014
6220	4	4	15.6	1	0:00:00.056128
6240	2	2	17.0	1	0:00:00.068200
6260	3	3	13.9	1	0:00:00.056717
6280	0	0	16.0	1	0:00:00.064373
6300	4	4	13.0	1	0:00:00.050119
6320	1	1	10.8	1	0:00:00.067249
6340	2	2	16.1	1	0:00:00.059395
6360	7	7	12.0	1	0:00:00.065027
6380	7	7	13.6	1	0:00:00.057884
6400	0	0	5.0	1	0:00:00.072509
6420	9	9	14.0	1	0:00:00.091079
6440	3	3	13.0	1	0:00:00.060923
6460	4	4	10.0	1	0:00:00.075478
6480	2	2	12.0	1	0:00:00.068739
6500	5	5	14.1	1	0:00:00.063475
6520	9	9	15.0	1	0:00:00.063263
6540	1	1	13.6	1	0:00:00.053864
6560	9	9	7.21	1	0:00:00.069177
6580	0	0	9.43	1	0:00:00.055071
6600	5	5	7.0	1	0:00:00.062743
6620	5	5	13.6	1	0:00:00.053274
6640	7	7	12.0	1	0:00:00.072976
6660	4	4	14.0	1	0:00:00.052784
6680	1	1	10.0	1	0:00:00.061238
6700	4	4	12.6	1	0:00:00.053735
6720	1	1	10.2	1	0:00:00.074361
6740	9	9	11.2	1	0:00:00.064551
6760	0	0	15.0	1	0:00:00.054707
6780	4	4	1.41	1	0:00:00.060049
6800	2	2	10.0	1	0:00:00.052099
6820	2	2	10.0	1	0:00:00.065120
6840	3	3	10.8	1	0:00:00.055641
6860	5	5	12.2	1	0:00:00.062208
6880	5	5	10.3	1	0:00:00.067531
6900	6	6	15.1	1	0:00:00.061139
6920	2	2	12.7	1	0:00:00.068266
6940	3	3	12.6	1	0:00:00.051944
6960	7	7	11.0	1	0:00:00.067821
6980	9	9	15.0	1	0:00:00.051111
7000	1	1	9.43	1	0:00:00.064496
7020	6	6	12.2	1	0:00:00.051937
7040	3	3	13.9	1	0:00:00.066057
7060	8	8	15.3	1	0:00:00.066875
7080	8	8	16.0	1	0:00:00.055289
7100	2	2	12.5	1	0:00:00.066370
7120	2	2	12.0	1	0:00:00.051675
7140	3	3	12.0	1	0:00:00.065390
7160	5	5	9.0	1	0:00:00.051486
7180	7	7	13.0	1	0:00:00.063849
7200	8	8	13.6	1	0:00:00.053340
7220	8	8	11.0	1	0:00:00.070556
7240	5	5	10.8	1	0:00:00.053598
7260	7	7	14.0	1	0:00:00.072407
7280	1	1	16.4	1	0:00:00.055244
7300	7	7	15.0	1	0:00:00.086714
7320	7	7	14.4	1	0:00:00.075721
7340	1	1	16.0	1	0:00:00.069248
7360	9	9	14.9	1	0:00:00.060980
7380	9	9	14.0	1	0:00:00.074949
7400	2	2	4.24	1	0:00:00.083415
7420	2	2	8.54	1	0:00:00.061924
7440	0	0	13.4	1	0:00:00.056240
7460	7	7	10.0	1	0:00:00.063567
7480	1	1	8.94	1	0:00:00.056561
7500	8	8	16.0	1	0:00:00.068480
7520	4	4	4.24	1	0:00:00.065011
7540	6	6	16.1	1	0:00:00.060644
7560	4	4	10.8	1	0:00:00.052803
7580	9	9	10.3	1	0:00:00.067796
7600	1	1	9.06	1	0:00:00.058264
7620	3	3	9.85	1	0:00:00.062671
7640	9	9	10.0	1	0:00:00.082441
7660	8	8	16.6	1	0:00:00.063276
7680	9	9	9.0	1	0:00:00.078012
7700	9	9	14.0	1	0:00:00.068074
7720	8	8	12.0	1	0:00:00.066622
7740	3	3	16.0	1	0:00:00.063687
7760	7	7	14.2	1	0:00:00.062557
7780	0	0	15.7	1	0:00:00.094205
7800	3	3	7.62	1	0:00:00.059730
7820	0	0	14.3	1	0:00:00.066978
7840	2	2	9.43	1	0:00:00.058202
7860	6	6	7.21	1	0:00:00.063848
7880	6	6	13.0	1	0:00:00.081387
7900	1	1	10.0	1	0:00:00.059172
7920	1	1	9.0	1	0:00:00.065934
7940	7	7	9.0	1	0:00:00.050681
7960	7	7	10.0	1	0:00:00.067048
7980	1	1	11.2	1	0:00:00.063334
8000	4	4	4.47	1	0:00:00.050886
8020	1	1	7.07	1	0:00:00.065437
8040	6	6	14.2	1	0:00:00.080405
8060	3	3	12.8	1	0:00:00.071699
8080	3	3	14.0	1	0:00:00.057321
8100	1	1	14.9	1	0:00:00.070051
8120	3	3	14.0	1	0:00:00.072063
8140	3	3	17.0	1	0:00:00.055309
8160	5	5	11.3	1	0:00:00.066221
8180	5	5	14.3	1	0:00:00.057003
8200	6	6	13.0	1	0:00:00.069249
8220	4	4	16.1	1	0:00:00.056750
8240	6	6	13.0	1	0:00:00.064832
8260	0	0	10.0	1	0:00:00.058842
8280	4	4	12.0	1	0:00:00.067211
8300	8	8	13.0	1	0:00:00.051542
8320	2	2	11.0	1	0:00:00.065880
8340	1	1	9.85	1	0:00:00.054347
8360	1	1	10.0	1	0:00:00.067171
8380	6	6	14.3	1	0:00:00.059049
8400	4	4	12.0	1	0:00:00.065393
8420	1	1	10.3	1	0:00:00.058095
8440	8	8	15.6	1	0:00:00.069782
8460	2	2	15.3	1	0:00:00.054675
8480	7	7	11.2	1	0:00:00.065142
8500	4	4	13.4	1	0:00:00.104356
8520	4	4	2.24	1	0:00:00.049072
8540	1	1	13.6	1	0:00:00.069280
8560	2	2	12.8	1	0:00:00.067330
8580	6	6	14.3	1	0:00:00.056204
8600	1	1	11.4	1	0:00:00.069276
8620	7	7	10.8	1	0:00:00.081424
8640	9	9	14.1	1	0:00:00.084365
8660	3	3	13.3	1	0:00:00.066419
8680	9	9	14.0	1	0:00:00.065735
8700	9	9	5.1	1	0:00:00.072185
8720	1	1	10.3	1	0:00:00.076558
8740	1	1	11.2	1	0:00:00.061394
8760	6	6	14.2	1	0:00:00.065073
8780	3	3	12.0	1	0:00:00.055743
8800	2	2	17.7	1	0:00:00.063434
8820	2	2	13.9	1	0:00:00.062268
8840	3	3	13.0	1	0:00:00.066761
8860	3	3	12.0	1	0:00:00.105323
8880	2	2	17.1	1	0:00:00.057125
8900	9	9	15.5	1	0:00:00.067764
8920	9	9	12.2	1	0:00:00.055848
8940	5	5	9.49	1	0:00:00.067310
8960	4	4	14.8	1	0:00:00.056103
8980	1	1	8.25	1	0:00:00.064352
9000	7	7	13.4	1	0:00:00.065853
9020	8	8	13.0	1	0:00:00.050365
9040	6	6	8.06	1	0:00:00.063944
9060	0	0	14.2	1	0:00:00.054576
9080	0	0	13.6	1	0:00:00.066917
9100	3	3	12.0	1	0:00:00.053926
9120	1	1	10.8	1	0:00:00.064245
9140	1	1	14.1	1	0:00:00.056432
9160	5	5	16.1	1	0:00:00.064371
9180	1	1	9.49	1	0:00:00.066302
9200	1	1	8.94	1	0:00:00.051570
9220	0	0	14.4	1	0:00:00.069098
9240	6	6	14.0	1	0:00:00.083307
9260	5	5	11.2	1	0:00:00.055795
9280	8	8	10.0	1	0:00:00.073760
9300	7	7	12.0	1	0:00:00.053535
9320	4	4	12.0	1	0:00:00.086741
9340	7	7	11.0	1	0:00:00.060797
9360	5	5	11.3	1	0:00:00.063800
9380	3	3	12.0	1	0:00:00.067645
9400	5	5	11.0	1	0:00:00.056998
9420	8	8	14.0	1	0:00:00.064964
9440	0	0	15.0	1	0:00:00.056172
9460	3	3	14.0	1	0:00:00.070945
9480	2	2	12.7	1	0:00:00.059708
9500	2	2	11.0	1	0:00:00.078225
9520	1	1	10.8	1	0:00:00.090306
9540	1	1	1.0	1	0:00:00.053470
9560	7	7	9.0	1	0:00:00.087792
9580	9	9	13.9	1	0:00:00.078906
9600	5	5	16.0	1	0:00:00.064672
9620	9	9	2.0	1	0:00:00.058752
9640	7	7	9.0	1	0:00:00.064539
9660	7	7	13.0	1	0:00:00.087665
9680	3	3	12.2	1	0:00:00.084570
9700	2	2	7.28	1	0:00:00.116027
9720	6	6	8.94	1	0:00:00.061953
9740	9	9	10.0	1	0:00:00.053494
9760	1	1	9.43	1	0:00:00.064310
9780	8	8	4.47	1	0:00:00.059608
9800	0	0	11.4	1	0:00:00.064786
9820	2	2	4.12	1	0:00:00.068174
9840	3	3	12.2	1	0:00:00.063909
9860	3	3	11.2	1	0:00:00.079986
9880	2	2	8.94	1	0:00:00.058966
9900	8	8	16.6	1	0:00:00.068248
9920	8	8	13.0	1	0:00:00.062860
9940	6	6	10.4	1	0:00:00.071171
9960	4	4	14.1	1	0:00:00.066635
9980	2	2	11.0	1	0:00:00.058910
