idx	label	predict	radius	correct	time
0	0	394	0.0	0	0:00:04.366745
500	10	10	8.25	1	0:00:00.698611
1000	20	20	70.4	1	0:00:28.857617
1500	30	30	22.6	1	0:00:03.553531
2000	40	40	2.24	1	0:00:00.728955
2500	50	50	64.4	1	0:00:27.851146
3000	60	61	0.0	0	0:00:00.737350
3500	70	70	1.05e+02	1	0:01:10.188179
4000	80	80	72.0	1	0:00:43.733187
4500	90	90	58.1	1	0:00:29.179380
5000	100	100	1.13e+02	1	0:01:31.382411
5500	110	110	98.6	1	0:01:05.492964
6000	120	120	1.41	1	0:00:00.756757
6500	130	130	71.3	1	0:00:33.400938
7000	140	140	1.01e+02	1	0:01:11.963706
7500	150	360	0.0	0	0:00:00.831027
8000	160	160	1.09e+02	1	0:01:16.104650
8500	170	172	0.0	0	0:00:00.761761
9000	180	179	0.0	0	0:00:00.752387
9500	190	190	44.3	1	0:00:12.634186
10000	200	200	74.0	1	0:00:36.490975
10500	210	210	52.8	1	0:00:16.678071
11000	220	220	34.0	1	0:00:08.116408
11500	230	230	57.0	1	0:00:21.933763
12000	240	238	0.0	0	0:00:00.754697
12500	250	257	0.0	0	0:00:00.886839
13000	260	260	94.4	1	0:01:02.152749
13500	270	270	1.25e+02	1	0:01:38.677725
14000	280	280	91.7	1	0:00:51.939079
14500	290	290	74.3	1	0:00:34.581689
15000	300	300	1.27e+02	1	0:01:46.320249
15500	310	310	1.11e+02	1	0:01:30.835233
16000	320	320	58.3	1	0:00:21.340906
16500	330	330	34.0	1	0:00:09.147360
17000	340	340	1.8e+02	1	0:03:31.254331
17500	350	350	1.27e+02	1	0:01:48.634463
18000	360	360	64.4	1	0:00:30.142498
18500	370	370	1.12e+02	1	0:01:24.094057
19000	380	380	1.1e+02	1	0:01:19.824899
19500	390	390	1.03e+02	1	0:01:07.560915
20000	400	667	0.0	0	0:00:00.731622
20500	410	410	6.4	1	0:00:00.706630
21000	420	420	3.0	1	0:00:00.800170
21500	430	430	45.5	1	0:00:14.685878
22000	440	907	0.0	0	0:00:00.739309
22500	450	450	5.0	1	0:00:00.842904
23000	460	460	3.61	1	0:00:00.733831
23500	470	454	0.0	0	0:00:00.710810
24000	480	582	0.0	0	0:00:00.705012
24500	490	490	97.3	1	0:01:08.301761
25000	500	500	57.6	1	0:00:24.841005
25500	510	510	12.2	1	0:00:01.371410
26000	520	520	1.02e+02	1	0:01:11.007432
26500	530	531	0.0	0	0:00:00.857666
27000	540	540	1e+02	1	0:01:02.012272
27500	550	505	0.0	0	0:00:00.780034
28000	560	560	22.6	1	0:00:04.421820
28500	570	691	0.0	0	0:00:00.706690
29000	580	738	0.0	0	0:00:01.369462
29500	590	590	7.0	1	0:00:01.268108
30000	600	517	0.0	0	0:00:00.822610
30500	610	841	0.0	0	0:00:00.776045
31000	620	681	0.0	0	0:00:03.018352
31500	630	703	0.0	0	0:00:00.969861
32000	640	640	1.65e+02	1	0:02:53.326595
32500	650	776	0.0	0	0:00:00.762653
33000	660	660	58.2	1	0:00:21.753915
33500	670	670	84.2	1	0:00:44.882581
34000	680	680	42.0	1	0:00:11.151506
34500	690	690	18.0	1	0:00:02.201941
35000	700	700	30.8	1	0:00:05.874728
35500	710	855	0.0	0	0:00:00.700863
36000	720	720	3.61	1	0:00:00.717045
36500	730	856	0.0	0	0:00:00.693685
37000	740	796	0.0	0	0:00:00.715075
37500	750	208	0.0	0	0:00:00.692296
38000	760	651	0.0	0	0:00:00.716778
38500	770	770	12.4	1	0:00:01.409364
39000	780	724	0.0	0	0:00:00.706377
39500	790	791	0.0	0	0:00:00.793582
40000	800	800	66.9	1	0:00:27.154254
40500	810	878	0.0	0	0:00:00.685362
41000	820	820	47.0	1	0:00:13.670827
41500	830	830	45.5	1	0:00:12.536113
42000	840	840	2.24	1	0:00:00.715432
42500	850	850	71.8	1	0:00:30.310286
43000	860	409	0.0	0	0:00:00.703135
43500	870	870	47.2	1	0:00:13.466631
44000	880	880	18.6	1	0:00:02.264977
44500	890	890	14.9	1	0:00:01.427204
45000	900	900	1.22e+02	1	0:01:29.167211
45500	910	641	0.0	0	0:00:01.009001
46000	920	843	0.0	0	0:00:00.759882
46500	930	930	16.8	1	0:00:02.289499
47000	940	943	0.0	0	0:00:00.753983
47500	950	950	20.9	1	0:00:03.050065
48000	960	960	13.0	1	0:00:01.455923
48500	970	795	0.0	0	0:00:00.871729
49000	980	980	73.2	1	0:00:35.283849
49500	990	990	1.37e+02	1	0:01:55.053144
