idx	label	predict	radius	correct	time
0	0	394	0.0	0	0:00:04.251830
500	10	10	2.24	1	0:00:00.755212
1000	20	20	86.4	1	0:00:43.183196
1500	30	30	41.7	1	0:00:10.391670
2000	40	40	5.1	1	0:00:00.769895
2500	50	50	6.0	1	0:00:00.758051
3000	60	61	0.0	0	0:00:00.743183
3500	70	70	1.04e+02	1	0:01:04.460398
4000	80	80	79.6	1	0:00:38.065861
4500	90	90	47.5	1	0:00:14.230488
5000	100	100	87.6	1	0:00:55.333580
5500	110	110	1.17e+02	1	0:01:41.047880
6000	120	120	1.0	1	0:00:00.805255
6500	130	130	1.03e+02	1	0:01:12.049949
7000	140	140	1.07e+02	1	0:01:21.273222
7500	150	360	0.0	0	0:00:00.685400
8000	160	160	1e+02	1	0:01:01.911054
8500	170	172	0.0	0	0:00:00.747172
9000	180	243	0.0	0	0:00:00.754355
9500	190	190	53.7	1	0:00:18.363437
10000	200	200	45.2	1	0:00:15.680077
10500	210	210	25.8	1	0:00:04.667252
11000	220	220	19.4	1	0:00:02.121614
11500	230	230	30.1	1	0:00:06.517527
12000	240	238	0.0	0	0:00:00.702656
12500	250	257	0.0	0	0:00:00.878427
13000	260	260	91.1	1	0:00:51.833847
13500	270	270	1.13e+02	1	0:01:20.402451
14000	280	280	33.4	1	0:00:07.203017
14500	290	290	86.8	1	0:00:52.673271
15000	300	300	89.4	1	0:00:51.876682
15500	310	310	94.0	1	0:00:52.680249
16000	320	320	1.0	1	0:00:00.736499
16500	330	330	2.0	1	0:00:00.744949
17000	340	340	1.75e+02	1	0:03:14.053253
17500	350	350	1.07e+02	1	0:01:22.348897
18000	360	360	61.3	1	0:00:24.264400
18500	370	370	1.25e+02	1	0:01:39.437516
19000	380	380	1.13e+02	1	0:01:25.042128
19500	390	390	85.1	1	0:00:49.741569
20000	400	667	0.0	0	0:00:00.715214
20500	410	410	4.12	1	0:00:00.743735
21000	420	420	5.83	1	0:00:00.884919
21500	430	430	41.8	1	0:00:12.991820
22000	440	737	0.0	0	0:00:00.733046
22500	450	450	1.41	1	0:00:00.719172
23000	460	978	0.0	0	0:00:00.703442
23500	470	481	0.0	0	0:00:00.691908
24000	480	582	0.0	0	0:00:00.695107
24500	490	490	85.9	1	0:00:48.448082
25000	500	500	81.8	1	0:00:50.441360
25500	510	510	47.5	1	0:00:13.055466
26000	520	520	99.7	1	0:01:05.684061
26500	530	530	2.24	1	0:00:01.800382
27000	540	540	88.0	1	0:00:45.729736
27500	550	550	2.83	1	0:00:00.722853
28000	560	560	27.1	1	0:00:05.329957
28500	570	691	0.0	0	0:00:00.699878
29000	580	738	0.0	0	0:00:00.806195
29500	590	605	0.0	0	0:00:00.797356
30000	600	600	5.1	1	0:00:00.786221
30500	610	610	11.7	1	0:00:01.518420
31000	620	681	0.0	0	0:00:00.695017
31500	630	703	0.0	0	0:00:00.713149
32000	640	640	1.59e+02	1	0:02:50.591577
32500	650	776	0.0	0	0:00:00.710415
33000	660	660	4.47	1	0:00:00.740179
33500	670	670	71.0	1	0:00:34.069148
34000	680	680	41.1	1	0:00:14.825615
34500	690	690	33.4	1	0:00:09.291967
35000	700	700	65.3	1	0:00:25.404256
35500	710	804	0.0	0	0:00:00.736426
36000	720	720	6.08	1	0:00:00.695935
36500	730	856	0.0	0	0:00:00.702156
37000	740	758	0.0	0	0:00:00.692067
37500	750	208	0.0	0	0:00:00.717535
38000	760	760	1.0	1	0:00:02.077393
38500	770	770	1.41	1	0:00:01.565568
39000	780	724	0.0	0	0:00:00.947741
39500	790	791	0.0	0	0:00:00.716596
40000	800	800	54.8	1	0:00:18.915252
40500	810	810	3.16	1	0:00:00.733621
41000	820	820	35.2	1	0:00:07.584903
41500	830	830	2.24	1	0:00:00.725183
42000	840	840	7.07	1	0:00:00.715728
42500	850	850	65.8	1	0:00:26.729200
43000	860	409	0.0	0	0:00:00.738805
43500	870	870	58.1	1	0:00:21.194811
44000	880	880	40.9	1	0:00:13.720318
44500	890	890	1.09e+02	1	0:01:10.746058
45000	900	900	1.2e+02	1	0:01:38.435491
45500	910	641	0.0	0	0:00:00.688363
46000	920	607	0.0	0	0:00:00.688897
46500	930	930	14.0	1	0:00:01.920322
47000	940	943	0.0	0	0:00:00.714205
47500	950	950	6.08	1	0:00:00.701883
48000	960	960	9.22	1	0:00:00.691174
48500	970	795	0.0	0	0:00:00.867324
49000	980	980	66.1	1	0:00:26.426640
49500	990	990	80.2	1	0:00:41.887330
