idx	label	predict	radius	correct	time
0	7	7	17.9	1	0:00:00.586393
20	9	9	17.9	1	0:00:00.076489
40	1	1	17.9	1	0:00:00.076183
60	7	7	17.9	1	0:00:00.076613
80	7	7	17.9	1	0:00:00.075740
100	6	6	17.9	1	0:00:00.076386
120	5	5	17.9	1	0:00:00.076339
140	6	6	17.9	1	0:00:00.075972
160	4	4	12.2	1	0:00:00.075594
180	1	1	17.9	1	0:00:00.076581
200	3	3	17.9	1	0:00:00.075893
220	7	7	17.9	1	0:00:00.076364
240	5	5	17.9	1	0:00:00.077951
260	8	8	17.9	1	0:00:00.076154
280	2	2	17.9	1	0:00:00.076960
300	4	4	17.9	1	0:00:00.076131
320	9	9	12.0	1	0:00:00.076145
340	5	5	17.9	1	0:00:00.076473
360	4	4	17.9	1	0:00:00.076126
380	0	0	17.9	1	0:00:00.076216
400	2	2	17.9	1	0:00:00.076260
420	4	4	17.9	1	0:00:00.076018
440	0	0	17.9	1	0:00:00.075940
460	5	5	17.9	1	0:00:00.076635
480	1	1	17.9	1	0:00:00.076535
500	3	3	17.9	1	0:00:00.078158
520	8	8	17.9	1	0:00:00.076037
540	5	5	17.9	1	0:00:00.076444
560	9	9	17.9	1	0:00:00.075898
580	8	8	17.9	1	0:00:00.076157
600	6	6	17.9	1	0:00:00.076455
620	0	0	17.9	1	0:00:00.075912
640	1	1	17.9	1	0:00:00.076403
660	4	4	17.9	1	0:00:00.077801
680	6	6	17.9	1	0:00:00.076617
700	1	1	17.9	1	0:00:00.077674
720	5	5	17.9	1	0:00:00.076219
740	4	4	15.8	1	0:00:00.076635
760	4	4	17.9	1	0:00:00.077766
780	3	3	17.9	1	0:00:00.075880
800	8	8	17.9	1	0:00:00.077621
820	6	6	17.9	1	0:00:00.076438
840	1	1	17.9	1	0:00:00.076331
860	6	6	17.9	1	0:00:00.076089
880	7	7	17.9	1	0:00:00.076160
900	1	1	17.9	1	0:00:00.076127
920	1	1	17.9	1	0:00:00.076113
940	6	6	17.9	1	0:00:00.076171
960	7	7	17.9	1	0:00:00.076196
980	2	2	17.9	1	0:00:00.075865
1000	9	9	17.9	1	0:00:00.076378
1020	3	3	17.9	1	0:00:00.077523
1040	1	1	17.9	1	0:00:00.075890
1060	4	4	17.9	1	0:00:00.076906
1080	4	4	17.9	1	0:00:00.076092
1100	7	7	17.9	1	0:00:00.076205
1120	8	8	17.9	1	0:00:00.076372
1140	4	4	17.9	1	0:00:00.076381
1160	4	4	17.9	1	0:00:00.076463
1180	1	1	17.9	1	0:00:00.076139
1200	8	8	17.9	1	0:00:00.076021
1220	0	0	17.9	1	0:00:00.076115
1240	1	1	17.9	1	0:00:00.075742
1260	7	7	5.83	1	0:00:00.076543
1280	1	1	17.9	1	0:00:00.077953
1300	4	4	17.9	1	0:00:00.076161
1320	8	8	17.9	1	0:00:00.076849
1340	5	5	17.9	1	0:00:00.076130
1360	1	1	17.9	1	0:00:00.076265
1380	9	9	17.9	1	0:00:00.076429
1400	6	6	17.9	1	0:00:00.076902
1420	6	6	17.9	1	0:00:00.076136
1440	4	4	17.9	1	0:00:00.076054
1460	5	5	17.9	1	0:00:00.077185
1480	3	3	17.9	1	0:00:00.075728
1500	7	7	17.8	1	0:00:00.076213
1520	7	7	17.9	1	0:00:00.076744
1540	7	7	17.9	1	0:00:00.077087
1560	8	8	17.9	1	0:00:00.076263
1580	4	4	17.9	1	0:00:00.075985
1600	3	3	17.9	1	0:00:00.076018
1620	2	2	17.9	1	0:00:00.075871
1640	9	9	17.9	1	0:00:00.075956
1660	7	7	17.9	1	0:00:00.076203
1680	4	4	17.9	1	0:00:00.076357
1700	0	0	17.9	1	0:00:00.075996
1720	4	4	17.9	1	0:00:00.076018
1740	8	8	17.9	1	0:00:00.076011
1760	1	1	17.9	1	0:00:00.076321
1780	1	1	17.9	1	0:00:00.076831
1800	6	6	17.9	1	0:00:00.077233
1820	1	1	17.9	1	0:00:00.076300
1840	3	3	17.9	1	0:00:00.076475
1860	5	5	17.9	1	0:00:00.076605
1880	6	6	17.9	1	0:00:00.075912
1900	1	1	17.9	1	0:00:00.076136
1920	4	4	17.9	1	0:00:00.077305
1940	5	5	17.9	1	0:00:00.076441
1960	8	8	17.9	1	0:00:00.076789
1980	4	4	17.9	1	0:00:00.076723
2000	6	6	17.9	1	0:00:00.075957
2020	3	3	17.9	1	0:00:00.076323
2040	5	5	17.9	1	0:00:00.077250
2060	0	0	17.9	1	0:00:00.076875
2080	3	3	17.9	1	0:00:00.076065
2100	5	5	17.9	1	0:00:00.076072
2120	4	4	17.9	1	0:00:00.075828
2140	6	6	17.9	1	0:00:00.076150
2160	6	6	17.9	1	0:00:00.076306
2180	5	5	17.9	1	0:00:00.077460
2200	2	2	17.9	1	0:00:00.076318
2220	7	7	17.9	1	0:00:00.075847
2240	7	7	17.9	1	0:00:00.078245
2260	2	2	17.9	1	0:00:00.076094
2280	3	3	3.0	1	0:00:00.076204
2300	3	3	17.9	1	0:00:00.076783
2320	9	9	17.9	1	0:00:00.076908
2340	4	4	17.9	1	0:00:00.076305
2360	6	6	17.9	1	0:00:00.076037
2380	9	9	17.9	1	0:00:00.076188
2400	5	5	17.9	1	0:00:00.076171
2420	9	9	17.9	1	0:00:00.075704
2440	4	4	17.9	1	0:00:00.076403
2460	5	5	17.9	1	0:00:00.076724
2480	7	7	17.9	1	0:00:00.075951
2500	2	2	17.9	1	0:00:00.076405
2520	8	8	17.9	1	0:00:00.076866
2540	5	5	17.9	1	0:00:00.075935
2560	3	3	17.9	1	0:00:00.076766
2580	6	6	17.9	1	0:00:00.077010
2600	8	8	17.9	1	0:00:00.076111
2620	6	6	17.9	1	0:00:00.076287
2640	8	8	17.9	1	0:00:00.077462
2660	0	0	17.9	1	0:00:00.075823
2680	4	4	17.9	1	0:00:00.076322
2700	7	7	17.9	1	0:00:00.076177
2720	9	9	12.8	1	0:00:00.076620
2740	9	9	17.9	1	0:00:00.076199
2760	9	9	14.3	1	0:00:00.075755
2780	2	2	17.9	1	0:00:00.076075
2800	8	8	17.9	1	0:00:00.076440
2820	7	7	17.9	1	0:00:00.077078
2840	3	3	17.9	1	0:00:00.076763
2860	6	6	17.9	1	0:00:00.076515
2880	1	1	17.9	1	0:00:00.076334
2900	4	4	17.9	1	0:00:00.076011
2920	6	6	17.9	1	0:00:00.076119
2940	2	2	17.9	1	0:00:00.076293
2960	8	8	17.9	1	0:00:00.076684
2980	6	6	17.9	1	0:00:00.076593
3000	6	6	17.9	1	0:00:00.076131
3020	0	0	17.9	1	0:00:00.077312
3040	7	7	17.9	1	0:00:00.076673
3060	9	9	12.8	1	0:00:00.075574
3080	3	3	17.9	1	0:00:00.077416
3100	5	5	17.9	1	0:00:00.076608
3120	3	3	17.9	1	0:00:00.076319
3140	0	0	17.9	1	0:00:00.075800
3160	9	9	17.9	1	0:00:00.075843
3180	2	2	17.9	1	0:00:00.075995
3200	9	9	17.9	1	0:00:00.075721
3220	5	5	17.9	1	0:00:00.076160
3240	9	9	17.9	1	0:00:00.076468
3260	2	2	17.9	1	0:00:00.076165
3280	2	2	17.9	1	0:00:00.077477
3300	3	3	17.9	1	0:00:00.076123
3320	1	1	17.9	1	0:00:00.075696
3340	8	8	17.9	1	0:00:00.076636
3360	7	7	17.9	1	0:00:00.077168
3380	1	1	17.9	1	0:00:00.076295
3400	7	7	17.9	1	0:00:00.076013
3420	1	1	17.9	1	0:00:00.076920
3440	8	8	17.9	1	0:00:00.076488
3460	9	9	17.9	1	0:00:00.076087
3480	1	1	17.9	1	0:00:00.076230
3500	4	4	17.9	1	0:00:00.076377
3520	6	6	5.39	1	0:00:00.075920
3540	0	0	17.9	1	0:00:00.075945
3560	6	6	17.9	1	0:00:00.076135
3580	7	7	17.9	1	0:00:00.075868
3600	2	2	6.0	1	0:00:00.076493
3620	3	3	17.9	1	0:00:00.077071
3640	0	0	17.9	1	0:00:00.076331
3660	0	0	17.9	1	0:00:00.075993
3680	0	0	17.9	1	0:00:00.076069
3700	4	4	17.9	1	0:00:00.076252
3720	7	7	17.9	1	0:00:00.076075
3740	3	3	17.9	1	0:00:00.076228
3760	9	9	17.9	1	0:00:00.076001
3780	4	4	17.9	1	0:00:00.075994
3800	6	6	17.9	1	0:00:00.076466
3820	9	9	17.9	1	0:00:00.077235
3840	9	9	17.9	1	0:00:00.076332
3860	5	5	17.9	1	0:00:00.076985
3880	8	8	17.9	1	0:00:00.077019
3900	1	1	17.9	1	0:00:00.076363
3920	7	7	17.9	1	0:00:00.076225
3940	0	0	17.9	1	0:00:00.076200
3960	5	5	17.9	1	0:00:00.075895
3980	0	0	17.9	1	0:00:00.076145
4000	9	9	17.9	1	0:00:00.076646
4020	8	8	17.9	1	0:00:00.076174
4040	9	9	17.9	1	0:00:00.076099
4060	4	4	17.9	1	0:00:00.075859
4080	0	0	17.9	1	0:00:00.076082
4100	2	2	17.9	1	0:00:00.076310
4120	3	3	17.9	1	0:00:00.076279
4140	8	8	17.9	1	0:00:00.077013
4160	6	6	17.9	1	0:00:00.076289
4180	2	2	17.9	1	0:00:00.075888
4200	7	7	17.9	1	0:00:00.076099
4220	3	3	17.9	1	0:00:00.076669
4240	9	9	17.9	1	0:00:00.075849
4260	2	2	17.9	1	0:00:00.076153
4280	9	9	17.9	1	0:00:00.076187
4300	5	5	17.9	1	0:00:00.075822
4320	0	0	17.9	1	0:00:00.076244
4340	5	5	17.9	1	0:00:00.076275
4360	5	5	10.0	1	0:00:00.076026
4380	8	8	17.9	1	0:00:00.076810
4400	7	7	17.9	1	0:00:00.077459
4420	5	5	17.9	1	0:00:00.076185
4440	5	5	17.9	1	0:00:00.075877
4460	7	7	17.9	1	0:00:00.075860
4480	9	9	17.9	1	0:00:00.076396
4500	9	9	12.8	1	0:00:00.076315
4520	5	5	17.9	1	0:00:00.075984
4540	7	7	17.9	1	0:00:00.076614
4560	9	9	17.9	1	0:00:00.076466
4580	1	1	17.9	1	0:00:00.076576
4600	3	3	17.9	1	0:00:00.077614
4620	6	6	17.9	1	0:00:00.077334
4640	8	8	17.9	1	0:00:00.076819
4660	7	7	17.9	1	0:00:00.076520
4680	6	6	17.9	1	0:00:00.076263
4700	9	9	17.9	1	0:00:00.075997
4720	0	0	17.9	1	0:00:00.076090
4740	3	3	2.24	1	0:00:00.076191
4760	7	7	17.9	1	0:00:00.075859
4780	0	0	17.9	1	0:00:00.076130
4800	7	7	17.9	1	0:00:00.076173
4820	8	8	17.9	1	0:00:00.076077
4840	9	9	17.9	1	0:00:00.076046
4860	4	4	1.0	1	0:00:00.075970
4880	0	0	17.9	1	0:00:00.076260
4900	7	7	17.9	1	0:00:00.076591
4920	2	2	17.9	1	0:00:00.077649
4940	3	3	17.9	1	0:00:00.077257
4960	8	8	17.9	1	0:00:00.076479
4980	6	6	17.9	1	0:00:00.076073
5000	3	3	17.9	1	0:00:00.077420
5020	5	5	17.9	1	0:00:00.076135
5040	7	7	17.9	1	0:00:00.076249
5060	9	9	17.9	1	0:00:00.075925
5080	9	9	17.9	1	0:00:00.076058
5100	9	9	17.9	1	0:00:00.076366
5120	2	2	17.9	1	0:00:00.076213
5140	3	3	17.9	1	0:00:00.076446
5160	5	5	17.9	1	0:00:00.076605
5180	7	7	17.9	1	0:00:00.077126
5200	4	4	17.9	1	0:00:00.076179
5220	9	9	17.9	1	0:00:00.076250
5240	7	7	17.9	1	0:00:00.075923
5260	4	4	17.9	1	0:00:00.076230
5280	0	0	17.9	1	0:00:00.076281
5300	8	8	17.9	1	0:00:00.076457
5320	0	0	17.9	1	0:00:00.075771
5340	2	2	17.9	1	0:00:00.076035
5360	8	8	17.9	1	0:00:00.076583
5380	8	8	17.9	1	0:00:00.076342
5400	5	5	17.9	1	0:00:00.076657
5420	5	5	17.9	1	0:00:00.076762
5440	4	4	17.9	1	0:00:00.077674
5460	1	1	17.9	1	0:00:00.076212
5480	5	5	17.9	1	0:00:00.076052
5500	4	4	17.9	1	0:00:00.076077
5520	1	1	17.9	1	0:00:00.076079
5540	7	7	17.9	1	0:00:00.076505
5560	7	7	17.9	1	0:00:00.076247
5580	9	9	17.9	1	0:00:00.076297
5600	7	7	17.9	1	0:00:00.075685
5620	7	7	17.9	1	0:00:00.075954
5640	7	7	17.9	1	0:00:00.076070
5660	6	6	17.9	1	0:00:00.075941
5680	8	8	17.9	1	0:00:00.076648
5700	3	3	17.9	1	0:00:00.077112
5720	4	4	17.9	1	0:00:00.076419
5740	3	3	17.9	1	0:00:00.076046
5760	3	3	17.9	1	0:00:00.076039
5780	3	3	17.9	1	0:00:00.076947
5800	9	9	17.9	1	0:00:00.076189
5820	2	2	17.9	1	0:00:00.076391
5840	2	2	17.9	1	0:00:00.076094
5860	3	3	17.9	1	0:00:00.076478
5880	1	1	17.9	1	0:00:00.075851
5900	4	4	17.9	1	0:00:00.077725
5920	6	6	17.9	1	0:00:00.076760
5940	8	8	17.9	1	0:00:00.076722
5960	8	8	17.9	1	0:00:00.077400
5980	0	0	17.9	1	0:00:00.076586
6000	9	9	17.9	1	0:00:00.076126
6020	6	6	17.9	1	0:00:00.076202
6040	0	0	17.9	1	0:00:00.076210
6060	1	1	17.9	1	0:00:00.076376
6080	8	8	17.9	1	0:00:00.076351
6100	4	4	17.9	1	0:00:00.076296
6120	5	5	17.9	1	0:00:00.076059
6140	0	0	17.9	1	0:00:00.076128
6160	3	3	17.9	1	0:00:00.076060
6180	2	2	17.9	1	0:00:00.077343
6200	9	9	17.9	1	0:00:00.076728
6220	4	4	17.9	1	0:00:00.076447
6240	2	2	17.9	1	0:00:00.076357
6260	3	3	17.9	1	0:00:00.075815
6280	0	0	17.9	1	0:00:00.076217
6300	4	4	17.9	1	0:00:00.076010
6320	1	1	17.9	1	0:00:00.075801
6340	2	2	17.9	1	0:00:00.076118
6360	7	7	17.9	1	0:00:00.076058
6380	7	7	17.9	1	0:00:00.076002
6400	0	0	17.9	1	0:00:00.076008
6420	9	9	17.9	1	0:00:00.076243
6440	3	3	17.9	1	0:00:00.076125
6460	4	4	17.9	1	0:00:00.076346
6480	2	2	17.9	1	0:00:00.077418
6500	5	5	17.9	1	0:00:00.076173
6520	9	9	17.9	1	0:00:00.076075
6540	1	1	17.9	1	0:00:00.075917
6560	9	9	17.9	1	0:00:00.076270
6580	0	0	17.9	1	0:00:00.076413
6600	5	5	17.9	1	0:00:00.075899
6620	5	5	17.9	1	0:00:00.075896
6640	7	7	17.9	1	0:00:00.076003
6660	4	4	17.9	1	0:00:00.076076
6680	1	1	17.9	1	0:00:00.075757
6700	4	4	17.9	1	0:00:00.076131
6720	1	1	17.9	1	0:00:00.076410
6740	9	9	17.9	1	0:00:00.077259
6760	0	0	17.9	1	0:00:00.076147
6780	4	4	17.9	1	0:00:00.076435
6800	2	2	17.9	1	0:00:00.075771
6820	2	2	17.9	1	0:00:00.076002
6840	3	3	17.9	1	0:00:00.076287
6860	5	5	17.9	1	0:00:00.076439
6880	5	5	17.9	1	0:00:00.075832
6900	6	6	17.9	1	0:00:00.077385
6920	2	2	17.9	1	0:00:00.076071
6940	3	3	17.9	1	0:00:00.076332
6960	7	7	17.9	1	0:00:00.077423
6980	9	9	17.9	1	0:00:00.077072
7000	1	1	17.9	1	0:00:00.077284
7020	6	6	17.9	1	0:00:00.076651
7040	3	3	17.9	1	0:00:00.075759
7060	8	8	17.9	1	0:00:00.076185
7080	8	8	17.9	1	0:00:00.076275
7100	2	2	17.9	1	0:00:00.076366
7120	2	2	17.9	1	0:00:00.076470
7140	3	3	17.9	1	0:00:00.076463
7160	5	5	17.9	1	0:00:00.076662
7180	7	7	17.9	1	0:00:00.077330
7200	8	8	17.9	1	0:00:00.075933
7220	8	8	17.9	1	0:00:00.077160
7240	5	5	17.9	1	0:00:00.076316
7260	7	7	17.9	1	0:00:00.077048
7280	1	1	17.9	1	0:00:00.076166
7300	7	7	17.9	1	0:00:00.076387
7320	7	7	17.9	1	0:00:00.076081
7340	1	1	17.9	1	0:00:00.075913
7360	9	9	17.9	1	0:00:00.077575
7380	9	9	17.9	1	0:00:00.075797
7400	2	2	17.9	1	0:00:00.075698
7420	2	2	17.9	1	0:00:00.076444
7440	0	0	17.9	1	0:00:00.075718
7460	7	7	17.9	1	0:00:00.076071
7480	1	1	17.9	1	0:00:00.076232
7500	8	8	17.9	1	0:00:00.076302
7520	4	4	17.9	1	0:00:00.077020
7540	6	6	17.9	1	0:00:00.076307
7560	4	4	17.9	1	0:00:00.076462
7580	9	9	17.9	1	0:00:00.075898
7600	1	1	17.9	1	0:00:00.075963
7620	3	3	17.9	1	0:00:00.077210
7640	9	9	17.9	1	0:00:00.076787
7660	8	8	17.9	1	0:00:00.076206
7680	9	9	17.9	1	0:00:00.076126
7700	9	9	17.9	1	0:00:00.076095
7720	8	8	17.9	1	0:00:00.076206
7740	3	3	17.9	1	0:00:00.076151
7760	7	7	17.9	1	0:00:00.076671
7780	0	0	17.9	1	0:00:00.077204
7800	3	3	17.9	1	0:00:00.076317
7820	0	0	17.9	1	0:00:00.075859
7840	2	2	17.9	1	0:00:00.076003
7860	6	6	17.9	1	0:00:00.075973
7880	6	6	17.9	1	0:00:00.076149
7900	1	1	17.9	1	0:00:00.075971
7920	1	1	17.9	1	0:00:00.075956
7940	7	7	17.9	1	0:00:00.076190
7960	7	7	17.9	1	0:00:00.076195
7980	1	1	17.9	1	0:00:00.075758
8000	4	4	17.9	1	0:00:00.076097
8020	1	1	13.0	1	0:00:00.076843
8040	6	6	17.9	1	0:00:00.077442
8060	3	3	17.9	1	0:00:00.076252
8080	3	3	17.9	1	0:00:00.075941
8100	1	1	17.9	1	0:00:00.076216
8120	3	3	17.9	1	0:00:00.076314
8140	3	3	17.9	1	0:00:00.077023
8160	5	5	17.9	1	0:00:00.076822
8180	5	5	17.9	1	0:00:00.075864
8200	6	6	17.9	1	0:00:00.076236
8220	4	4	17.9	1	0:00:00.076026
8240	6	6	17.9	1	0:00:00.076211
8260	0	0	17.9	1	0:00:00.075993
8280	4	4	17.9	1	0:00:00.076378
8300	8	8	17.9	1	0:00:00.077718
8320	2	2	17.9	1	0:00:00.076181
8340	1	1	17.9	1	0:00:00.075994
8360	1	1	17.9	1	0:00:00.075962
8380	6	6	17.9	1	0:00:00.075811
8400	4	4	17.9	1	0:00:00.076072
8420	1	1	17.9	1	0:00:00.076217
8440	8	8	17.9	1	0:00:00.075822
8460	2	2	17.9	1	0:00:00.076506
8480	7	7	17.9	1	0:00:00.075917
8500	4	4	17.9	1	0:00:00.076104
8520	4	4	15.3	1	0:00:00.076774
8540	1	1	17.9	1	0:00:00.078027
8560	2	2	17.9	1	0:00:00.077182
8580	6	6	17.9	1	0:00:00.076034
8600	1	1	17.9	1	0:00:00.076344
8620	7	7	17.9	1	0:00:00.076311
8640	9	9	17.9	1	0:00:00.076202
8660	3	3	17.9	1	0:00:00.076264
8680	9	9	17.9	1	0:00:00.076169
8700	9	9	17.9	1	0:00:00.075967
8720	1	1	17.9	1	0:00:00.075825
8740	1	1	17.9	1	0:00:00.075905
8760	6	6	17.9	1	0:00:00.075692
8780	3	3	17.9	1	0:00:00.076035
8800	2	2	17.9	1	0:00:00.076848
8820	2	2	17.9	1	0:00:00.076963
8840	3	3	17.9	1	0:00:00.076097
8860	3	3	17.9	1	0:00:00.076438
8880	2	2	17.9	1	0:00:00.075862
8900	9	9	17.9	1	0:00:00.075894
8920	9	9	17.9	1	0:00:00.076227
8940	5	5	17.9	1	0:00:00.076341
8960	4	4	17.9	1	0:00:00.075771
8980	1	1	17.9	1	0:00:00.076444
9000	7	7	17.9	1	0:00:00.075909
9020	8	8	17.9	1	0:00:00.075886
9040	6	6	17.9	1	0:00:00.076276
9060	0	0	17.9	1	0:00:00.076520
9080	0	0	17.9	1	0:00:00.077222
9100	3	3	17.9	1	0:00:00.076143
9120	1	1	17.9	1	0:00:00.076462
9140	1	1	17.9	1	0:00:00.075663
9160	5	5	17.9	1	0:00:00.076270
9180	1	1	17.9	1	0:00:00.076421
9200	1	1	17.9	1	0:00:00.076074
9220	0	0	17.9	1	0:00:00.075853
9240	6	6	17.9	1	0:00:00.076115
9260	5	5	17.9	1	0:00:00.076385
9280	8	8	17.9	1	0:00:00.075886
9300	7	7	17.9	1	0:00:00.076151
9320	4	4	17.9	1	0:00:00.076799
9340	7	7	17.9	1	0:00:00.077258
9360	5	5	17.9	1	0:00:00.076279
9380	3	3	17.9	1	0:00:00.076384
9400	5	5	17.9	1	0:00:00.075959
9420	8	8	17.9	1	0:00:00.075826
9440	0	0	17.9	1	0:00:00.076205
9460	3	3	17.9	1	0:00:00.076123
9480	2	2	17.9	1	0:00:00.076052
9500	2	2	17.9	1	0:00:00.076735
9520	1	1	17.9	1	0:00:00.076053
9540	1	1	17.9	1	0:00:00.075622
9560	7	7	17.9	1	0:00:00.076145
9580	9	9	17.9	1	0:00:00.076420
9600	5	5	17.9	1	0:00:00.077396
9620	9	9	15.7	1	0:00:00.076063
9640	7	7	17.9	1	0:00:00.076416
9660	7	7	17.9	1	0:00:00.076067
9680	3	3	17.9	1	0:00:00.076007
9700	2	2	17.9	1	0:00:00.075788
9720	6	6	17.9	1	0:00:00.077118
9740	9	9	17.9	1	0:00:00.075707
9760	1	1	17.9	1	0:00:00.076400
9780	8	8	17.9	1	0:00:00.075852
9800	0	0	17.9	1	0:00:00.075885
9820	2	2	17.9	1	0:00:00.076158
9840	3	3	17.9	1	0:00:00.077372
9860	3	3	17.9	1	0:00:00.077576
9880	2	2	17.9	1	0:00:00.076072
9900	8	8	17.9	1	0:00:00.076254
9920	8	8	17.9	1	0:00:00.075572
9940	6	6	17.9	1	0:00:00.076099
9960	4	4	17.9	1	0:00:00.075832
9980	2	2	17.9	1	0:00:00.076355
