idx	label	predict	radius	correct	time
0	3	3	15.7	1	0:00:00.503707
20	7	7	1.0	1	0:00:00.256022
40	4	4	9.06	1	0:00:00.252412
60	7	7	12.7	1	0:00:00.257519
80	8	8	45.3	1	0:00:01.039286
100	4	4	12.8	1	0:00:00.246105
120	8	8	45.3	1	0:00:01.056084
140	6	6	5.83	1	0:00:00.246080
160	2	2	6.08	1	0:00:00.245023
180	0	0	3.0	1	0:00:00.248743
200	5	3	0.0	0	0:00:00.251770
220	7	7	11.4	1	0:00:00.248358
240	1	1	45.3	1	0:00:01.042291
260	8	8	16.4	1	0:00:00.247102
280	9	9	14.3	1	0:00:00.246163
300	6	6	13.0	1	0:00:00.246253
320	3	3	17.8	1	0:00:00.244771
340	2	2	4.24	1	0:00:00.246722
360	9	9	45.3	1	0:00:01.038481
380	6	6	11.0	1	0:00:00.245302
400	9	9	10.0	1	0:00:00.246890
420	4	4	10.3	1	0:00:00.247917
440	1	1	12.2	1	0:00:00.249487
460	5	5	15.8	1	0:00:00.246317
480	8	8	1.41	1	0:00:00.247034
500	4	4	15.0	1	0:00:00.247502
520	5	5	5.83	1	0:00:00.246244
540	1	1	7.62	1	0:00:00.248527
560	0	0	45.3	1	0:00:01.041951
580	4	4	12.2	1	0:00:00.245986
600	8	8	8.06	1	0:00:00.245992
620	7	7	15.0	1	0:00:00.246169
640	5	5	5.1	1	0:00:00.246484
660	9	9	45.3	1	0:00:01.047336
680	9	9	1.0	1	0:00:00.245932
700	7	7	15.5	1	0:00:00.246625
720	4	4	7.07	1	0:00:00.247267
740	2	2	5.0	1	0:00:00.246625
760	3	3	3.0	1	0:00:00.247503
780	9	9	45.3	1	0:00:01.047186
800	7	7	14.2	1	0:00:00.246406
820	6	6	3.0	1	0:00:00.248588
840	7	7	45.3	1	0:00:01.047273
860	4	2	0.0	0	0:00:00.246612
880	8	8	5.0	1	0:00:00.246025
900	2	3	0.0	0	0:00:00.248106
920	6	6	2.0	1	0:00:00.246192
940	9	9	45.3	1	0:00:01.042360
960	9	1	0.0	0	0:00:00.251291
980	2	2	7.21	1	0:00:00.246121
1000	5	5	13.5	1	0:00:00.246672
1020	1	1	9.85	1	0:00:00.245720
1040	7	2	0.0	0	0:00:00.248818
1060	9	9	45.3	1	0:00:01.048724
1080	6	6	4.0	1	0:00:00.249689
1100	7	2	0.0	0	0:00:00.246682
1120	5	2	0.0	0	0:00:00.245911
1140	6	6	15.0	1	0:00:00.248652
1160	8	8	45.3	1	0:00:01.046826
1180	3	3	8.54	1	0:00:00.246239
1200	8	8	9.9	1	0:00:00.246722
1220	9	9	13.0	1	0:00:00.249876
1240	2	2	45.3	1	0:00:01.045017
1260	1	1	12.2	1	0:00:00.246708
1280	3	3	1.0	1	0:00:00.249942
1300	4	4	11.0	1	0:00:00.246817
1320	7	7	10.3	1	0:00:00.249137
1340	1	1	15.7	1	0:00:00.247270
1360	7	7	8.0	1	0:00:00.248328
1380	4	4	12.2	1	0:00:00.247159
1400	5	5	7.81	1	0:00:00.249621
1420	4	4	6.0	1	0:00:00.246270
1440	0	0	7.07	1	0:00:00.249617
1460	6	6	15.6	1	0:00:00.245277
1480	1	1	2.0	1	0:00:00.253213
1500	1	1	12.4	1	0:00:00.252295
1520	7	7	11.7	1	0:00:00.248214
1540	8	8	45.3	1	0:00:01.054384
1560	7	7	8.94	1	0:00:00.250790
1580	6	6	4.47	1	0:00:00.248131
1600	8	8	6.32	1	0:00:00.248752
1620	5	3	0.0	0	0:00:00.246657
1640	7	7	3.0	1	0:00:00.258336
1660	3	3	16.6	1	0:00:00.249158
1680	6	6	9.06	1	0:00:00.249389
1700	5	5	19.8	1	0:00:00.497694
1720	4	4	13.4	1	0:00:00.248682
1740	1	1	10.0	1	0:00:00.248479
1760	0	0	10.8	1	0:00:00.248494
1780	7	7	8.06	1	0:00:00.247123
1800	4	4	11.0	1	0:00:00.250777
1820	8	8	13.9	1	0:00:00.248030
1840	8	8	2.83	1	0:00:00.256664
1860	8	8	5.0	1	0:00:00.250239
1880	1	1	45.3	1	0:00:01.051919
1900	8	8	45.3	1	0:00:01.056354
1920	2	2	18.4	1	0:00:00.497674
1940	5	5	12.0	1	0:00:00.247702
1960	2	2	9.0	1	0:00:00.249365
1980	9	9	8.0	1	0:00:00.247382
2000	1	1	10.0	1	0:00:00.248475
2020	9	9	45.3	1	0:00:01.047503
2040	0	0	13.4	1	0:00:00.248726
2060	5	5	7.28	1	0:00:00.249021
2080	1	1	7.0	1	0:00:00.249883
2100	2	2	11.4	1	0:00:00.248309
2120	4	4	7.81	1	0:00:00.255957
2140	9	9	15.0	1	0:00:00.251726
2160	0	0	10.8	1	0:00:00.254698
2180	4	4	15.3	1	0:00:00.253118
2200	0	0	2.24	1	0:00:00.249635
2220	1	1	17.0	1	0:00:00.246408
2240	9	1	0.0	0	0:00:00.247476
2260	4	7	0.0	0	0:00:00.246639
2280	4	4	11.7	1	0:00:00.247420
2300	3	3	3.0	1	0:00:00.249607
2320	5	5	1.0	1	0:00:00.249285
2340	7	7	12.2	1	0:00:00.248412
2360	7	7	11.2	1	0:00:00.246541
2380	8	8	45.3	1	0:00:01.052887
2400	0	0	45.3	1	0:00:01.053439
2420	8	8	10.0	1	0:00:00.249182
2440	7	7	7.81	1	0:00:00.249011
2460	9	9	45.3	1	0:00:01.068274
2480	8	8	45.3	1	0:00:01.053259
2500	4	4	2.24	1	0:00:00.249538
2520	1	1	5.39	1	0:00:00.253597
2540	2	2	4.47	1	0:00:00.249926
2560	7	7	11.2	1	0:00:00.249665
2580	6	6	6.32	1	0:00:00.247187
2600	8	8	45.3	1	0:00:01.055016
2620	1	1	15.6	1	0:00:00.250893
2640	7	7	18.4	1	0:00:00.499843
2660	3	3	12.0	1	0:00:00.259000
2680	0	0	45.3	1	0:00:01.147135
2700	9	9	12.0	1	0:00:00.261200
2720	3	3	45.3	1	0:00:01.086612
2740	1	1	13.9	1	0:00:00.251655
2760	2	2	4.0	1	0:00:00.249208
2780	7	7	14.0	1	0:00:00.253424
2800	4	4	12.2	1	0:00:00.247234
2820	6	6	12.2	1	0:00:00.249043
2840	3	3	4.0	1	0:00:00.247195
2860	5	5	10.2	1	0:00:00.249595
2880	4	4	45.3	1	0:00:01.050620
2900	3	2	0.0	0	0:00:00.246366
2920	2	2	8.25	1	0:00:00.247346
2940	3	0	0.0	0	0:00:00.247444
2960	9	0	0.0	0	0:00:00.249585
2980	8	8	45.3	1	0:00:01.054601
3000	5	5	10.0	1	0:00:00.248616
3020	1	1	14.9	1	0:00:00.250948
3040	7	7	15.7	1	0:00:00.249205
3060	7	7	7.28	1	0:00:00.250929
3080	1	1	6.4	1	0:00:00.249393
3100	0	0	5.1	1	0:00:00.249326
3120	4	4	8.0	1	0:00:00.249490
3140	8	8	12.6	1	0:00:00.252232
3160	6	6	2.24	1	0:00:00.249691
3180	3	3	2.0	1	0:00:00.251184
3200	5	5	12.7	1	0:00:00.255324
3220	3	3	4.47	1	0:00:00.251490
3240	4	4	4.0	1	0:00:00.254059
3260	7	7	45.3	1	0:00:01.064564
3280	3	3	10.8	1	0:00:00.250537
3300	4	4	13.2	1	0:00:00.249819
3320	2	2	2.24	1	0:00:00.252322
3340	6	6	12.0	1	0:00:00.249873
3360	4	4	14.0	1	0:00:00.250183
3380	8	8	5.66	1	0:00:00.250400
3400	6	1	0.0	0	0:00:00.250256
3420	5	5	2.0	1	0:00:00.248848
3440	2	2	9.49	1	0:00:00.252038
3460	1	1	45.3	1	0:00:01.060315
3480	2	2	18.4	1	0:00:00.504685
3500	1	1	9.22	1	0:00:00.251030
3520	1	1	45.3	1	0:00:01.058784
3540	6	6	6.4	1	0:00:00.252271
3560	1	9	0.0	0	0:00:00.253386
3580	4	4	2.0	1	0:00:00.255251
3600	4	3	0.0	0	0:00:00.252462
3620	0	0	9.85	1	0:00:00.251924
3640	6	6	13.0	1	0:00:00.253772
3660	0	0	45.3	1	0:00:01.069319
3680	0	0	5.0	1	0:00:00.252646
3700	3	3	16.6	1	0:00:00.252723
3720	2	2	18.4	1	0:00:00.518661
3740	0	0	45.3	1	0:00:01.068773
3760	7	7	17.5	1	0:00:00.251137
3780	4	4	8.6	1	0:00:00.252095
3800	9	9	13.0	1	0:00:00.252586
3820	0	0	9.85	1	0:00:00.254308
3840	6	3	0.0	0	0:00:00.250343
3860	7	7	45.3	1	0:00:01.066795
3880	6	6	9.85	1	0:00:00.250853
3900	3	3	45.3	1	0:00:01.084252
3920	7	7	9.22	1	0:00:00.251050
3940	6	6	4.0	1	0:00:00.248404
3960	2	2	8.0	1	0:00:00.251087
3980	9	0	0.0	0	0:00:00.252300
4000	8	2	0.0	0	0:00:00.252145
4020	8	8	2.83	1	0:00:00.252043
4040	0	0	13.4	1	0:00:00.250636
4060	6	6	17.8	1	0:00:00.253851
4080	1	1	45.3	1	0:00:01.068892
4100	7	7	45.3	1	0:00:01.061312
4120	4	4	12.2	1	0:00:00.251903
4140	5	3	0.0	0	0:00:00.251153
4160	5	5	14.3	1	0:00:00.252893
4180	0	0	9.49	1	0:00:00.252516
4200	4	4	45.3	1	0:00:01.057745
4220	4	4	8.06	1	0:00:00.251109
4240	7	7	13.3	1	0:00:00.254266
4260	8	8	17.0	1	0:00:00.250570
4280	8	8	8.06	1	0:00:00.255231
4300	8	8	6.4	1	0:00:00.252952
4320	1	0	0.0	0	0:00:00.253582
4340	0	0	14.6	1	0:00:00.250584
4360	6	6	8.94	1	0:00:00.251422
4380	9	9	14.2	1	0:00:00.248734
4400	3	3	10.8	1	0:00:00.252147
4420	5	5	10.8	1	0:00:00.250449
4440	2	2	5.39	1	0:00:00.251270
4460	9	9	10.2	1	0:00:00.250975
4480	9	9	45.3	1	0:00:01.061215
4500	3	3	11.4	1	0:00:00.249981
4520	3	3	6.4	1	0:00:00.250155
4540	9	9	45.3	1	0:00:01.060220
4560	1	1	15.3	1	0:00:00.247768
4580	6	6	12.2	1	0:00:00.251062
4600	4	4	11.0	1	0:00:00.251001
4620	7	7	7.07	1	0:00:00.251942
4640	2	2	17.0	1	0:00:00.249226
4660	7	7	10.8	1	0:00:00.251226
4680	9	9	15.6	1	0:00:00.255515
4700	6	6	7.28	1	0:00:00.256050
4720	8	8	10.3	1	0:00:00.252520
4740	5	3	0.0	0	0:00:00.252167
4760	3	2	0.0	0	0:00:00.258293
4780	0	3	0.0	0	0:00:00.256244
4800	9	9	45.3	1	0:00:01.060925
4820	3	3	5.0	1	0:00:00.251073
4840	0	0	17.7	1	0:00:00.255617
4860	5	5	11.7	1	0:00:00.255137
4880	0	0	4.12	1	0:00:00.259302
4900	3	3	8.49	1	0:00:00.249660
4920	7	7	12.5	1	0:00:00.256762
4940	6	6	11.0	1	0:00:00.249579
4960	4	4	9.43	1	0:00:00.259845
4980	1	1	10.0	1	0:00:00.249407
5000	7	7	15.7	1	0:00:00.255766
5020	8	8	45.3	1	0:00:01.067421
5040	3	3	6.08	1	0:00:00.253963
5060	6	6	4.12	1	0:00:00.253047
5080	7	7	5.0	1	0:00:00.252932
5100	3	3	45.3	1	0:00:01.074005
5120	9	9	10.3	1	0:00:00.250899
5140	8	8	45.3	1	0:00:01.086855
5160	0	0	10.6	1	0:00:00.257507
5180	9	1	0.0	0	0:00:00.251649
5200	3	3	1.0	1	0:00:00.261483
5220	0	0	12.1	1	0:00:00.250712
5240	1	1	2.24	1	0:00:00.254240
5260	0	0	14.3	1	0:00:00.250431
5280	0	0	1.41	1	0:00:00.252042
5300	9	9	20.6	1	0:00:00.501478
5320	7	7	6.32	1	0:00:00.250677
5340	3	4	0.0	0	0:00:00.248703
5360	9	9	9.49	1	0:00:00.249182
5380	1	1	12.6	1	0:00:00.249577
5400	9	9	18.9	1	0:00:00.505466
5420	6	6	9.9	1	0:00:00.250672
5440	9	9	20.5	1	0:00:00.507032
5460	0	0	4.12	1	0:00:00.251766
5480	1	1	45.3	1	0:00:01.058911
5500	8	8	1.41	1	0:00:00.253366
5520	4	4	10.0	1	0:00:00.251617
5540	5	5	5.39	1	0:00:00.253050
5560	3	5	0.0	0	0:00:00.251611
5580	5	5	4.0	1	0:00:00.251496
5600	6	6	4.47	1	0:00:00.252172
5620	3	6	0.0	0	0:00:00.252206
5640	2	3	0.0	0	0:00:00.253431
5660	9	9	8.0	1	0:00:00.254630
5680	2	2	5.0	1	0:00:00.251885
5700	3	3	2.0	1	0:00:00.252451
5720	9	9	16.2	1	0:00:00.251414
5740	6	6	4.0	1	0:00:00.249513
5760	2	2	12.2	1	0:00:00.251151
5780	7	7	45.3	1	0:00:01.067379
5800	2	2	13.5	1	0:00:00.253378
5820	5	2	0.0	0	0:00:00.252451
5840	2	4	0.0	0	0:00:00.255992
5860	0	0	7.0	1	0:00:00.252040
5880	0	0	15.6	1	0:00:00.255011
5900	4	7	0.0	0	0:00:00.263578
5920	8	8	12.0	1	0:00:00.259445
5940	7	2	0.0	0	0:00:00.251927
5960	2	6	0.0	0	0:00:00.250395
5980	9	9	45.3	1	0:00:01.065681
6000	8	8	1.41	1	0:00:00.252609
6020	6	6	16.1	1	0:00:00.251544
6040	2	2	5.83	1	0:00:00.252540
6060	3	3	6.4	1	0:00:00.252252
6080	1	1	9.85	1	0:00:00.253256
6100	1	1	10.0	1	0:00:00.253711
6120	5	5	11.4	1	0:00:00.252843
6140	9	9	45.3	1	0:00:01.061204
6160	2	2	7.07	1	0:00:00.249595
6180	0	0	7.81	1	0:00:00.256255
6200	3	3	4.0	1	0:00:00.255164
6220	2	2	9.0	1	0:00:00.252187
6240	2	2	8.25	1	0:00:00.253706
6260	2	2	5.83	1	0:00:00.251808
6280	8	8	3.61	1	0:00:00.254679
6300	1	1	12.8	1	0:00:00.251863
6320	0	0	11.7	1	0:00:00.252700
6340	3	3	13.0	1	0:00:00.252292
6360	2	2	11.3	1	0:00:00.252213
6380	3	3	13.6	1	0:00:00.250974
6400	0	0	9.49	1	0:00:00.258292
6420	7	7	14.0	1	0:00:00.257668
6440	3	3	1.0	1	0:00:00.253142
6460	3	3	15.6	1	0:00:00.253441
6480	0	0	8.06	1	0:00:00.254997
6500	7	7	1.41	1	0:00:00.261728
6520	6	6	8.25	1	0:00:00.252069
6540	8	8	45.3	1	0:00:01.089651
6560	6	6	1.0	1	0:00:00.252243
6580	1	1	6.71	1	0:00:00.252094
6600	7	7	9.43	1	0:00:00.252522
6620	7	7	5.83	1	0:00:00.252135
6640	5	5	1.0	1	0:00:00.253969
6660	0	0	6.32	1	0:00:00.264033
6680	3	3	6.0	1	0:00:00.253439
6700	6	6	12.6	1	0:00:00.251378
6720	2	2	14.0	1	0:00:00.253094
6740	2	2	13.9	1	0:00:00.263167
6760	5	5	45.3	1	0:00:01.085928
6780	7	7	45.3	1	0:00:01.075998
6800	6	6	5.0	1	0:00:00.251148
6820	1	1	45.3	1	0:00:01.067410
6840	9	9	45.3	1	0:00:01.088612
6860	0	0	9.0	1	0:00:00.260551
6880	2	2	11.0	1	0:00:00.268908
6900	3	3	2.24	1	0:00:00.258332
6920	5	5	10.2	1	0:00:00.261858
6940	1	1	45.3	1	0:00:01.069799
6960	9	9	45.3	1	0:00:01.059277
6980	0	0	2.24	1	0:00:00.257212
7000	2	8	0.0	0	0:00:00.263331
7020	7	7	17.8	1	0:00:00.256996
7040	7	0	0.0	0	0:00:00.258027
7060	8	8	11.2	1	0:00:00.262753
7080	5	5	1.0	1	0:00:00.253230
7100	9	9	7.07	1	0:00:00.253067
7120	7	7	5.0	1	0:00:00.250797
7140	4	4	10.0	1	0:00:00.254162
7160	5	5	12.7	1	0:00:00.252306
7180	6	6	11.0	1	0:00:00.252255
7200	4	4	12.0	1	0:00:00.252583
7220	9	9	5.0	1	0:00:00.252531
7240	0	0	10.2	1	0:00:00.250651
7260	1	1	19.1	1	0:00:00.506018
7280	1	9	0.0	0	0:00:00.255251
7300	3	3	45.3	1	0:00:01.068352
7320	8	8	2.24	1	0:00:00.251617
7340	2	2	45.3	1	0:00:01.066897
7360	2	2	2.83	1	0:00:00.250178
7380	7	7	10.6	1	0:00:00.253896
7400	3	3	5.0	1	0:00:00.256739
7420	3	3	6.08	1	0:00:00.255199
7440	3	3	2.24	1	0:00:00.256046
7460	5	5	5.39	1	0:00:00.251308
7480	1	1	10.8	1	0:00:00.249630
7500	6	6	45.3	1	0:00:01.078523
7520	4	4	2.0	1	0:00:00.255606
7540	5	5	13.2	1	0:00:00.251078
7560	0	0	11.4	1	0:00:00.252903
7580	8	8	45.3	1	0:00:01.067630
7600	8	8	5.0	1	0:00:00.257538
7620	5	5	1.41	1	0:00:00.256059
7640	9	8	0.0	0	0:00:00.250580
7660	7	7	7.07	1	0:00:00.254169
7680	3	3	1.41	1	0:00:00.267342
7700	6	6	45.3	1	0:00:01.120361
7720	5	5	8.6	1	0:00:00.260694
7740	4	3	0.0	0	0:00:00.263765
7760	2	2	1.0	1	0:00:00.250258
7780	3	3	13.5	1	0:00:00.261812
7800	0	0	13.5	1	0:00:00.249565
7820	5	5	9.9	1	0:00:00.255351
7840	1	1	45.3	1	0:00:01.068480
7860	8	8	13.0	1	0:00:00.250358
7880	0	0	19.1	1	0:00:00.515886
7900	0	0	14.2	1	0:00:00.264684
7920	9	9	10.4	1	0:00:00.267446
7940	2	2	1.41	1	0:00:00.264754
7960	0	0	2.0	1	0:00:00.268900
7980	3	3	1.0	1	0:00:00.266366
8000	9	9	13.9	1	0:00:00.259489
8020	6	6	3.16	1	0:00:00.279701
8040	2	2	11.0	1	0:00:00.255691
8060	6	6	45.3	1	0:00:01.065761
8080	4	4	13.4	1	0:00:00.252167
8100	6	6	6.08	1	0:00:00.263080
8120	8	8	10.3	1	0:00:00.252879
8140	5	5	11.4	1	0:00:00.252952
8160	6	6	9.43	1	0:00:00.250387
8180	4	4	1.0	1	0:00:00.251267
8200	3	5	0.0	0	0:00:00.250962
8220	6	6	7.62	1	0:00:00.252758
8240	7	7	45.3	1	0:00:01.070306
8260	1	1	15.2	1	0:00:00.253121
8280	4	4	4.24	1	0:00:00.250934
8300	5	6	0.0	0	0:00:00.256273
8320	7	7	11.0	1	0:00:00.252366
8340	5	5	8.06	1	0:00:00.265660
8360	7	7	13.9	1	0:00:00.266254
8380	9	9	9.49	1	0:00:00.268629
8400	0	0	45.3	1	0:00:01.114898
8420	3	6	0.0	0	0:00:00.257560
8440	5	5	4.0	1	0:00:00.253421
8460	8	8	45.3	1	0:00:01.063520
8480	2	2	1.0	1	0:00:00.251909
8500	4	4	45.3	1	0:00:01.076828
8520	8	8	5.0	1	0:00:00.251698
8540	4	4	12.0	1	0:00:00.252630
8560	7	7	13.0	1	0:00:00.256501
8580	3	3	1.0	1	0:00:00.265211
8600	3	3	6.08	1	0:00:00.252400
8620	3	2	0.0	0	0:00:00.250896
8640	1	1	12.0	1	0:00:00.253037
8660	7	7	14.6	1	0:00:00.260738
8680	3	3	45.3	1	0:00:01.076199
8700	3	3	1.0	1	0:00:00.252953
8720	2	2	2.0	1	0:00:00.253445
8740	2	2	11.2	1	0:00:00.263641
8760	8	8	6.08	1	0:00:00.254738
8780	4	4	18.4	1	0:00:00.506240
8800	0	0	15.0	1	0:00:00.259702
8820	2	2	45.3	1	0:00:01.110519
8840	2	2	6.08	1	0:00:00.268420
8860	2	2	11.7	1	0:00:00.268553
8880	1	1	45.3	1	0:00:01.108413
8900	2	2	1.41	1	0:00:00.255788
8920	6	6	11.4	1	0:00:00.250377
8940	6	6	2.24	1	0:00:00.254473
8960	0	0	14.9	1	0:00:00.248393
8980	9	9	45.3	1	0:00:01.136479
9000	8	8	15.6	1	0:00:00.272532
9020	7	7	10.8	1	0:00:00.259231
9040	2	5	0.0	0	0:00:00.262527
9060	9	9	19.1	1	0:00:00.509387
9080	3	5	0.0	0	0:00:00.250343
9100	9	9	18.4	1	0:00:00.517523
9120	3	3	5.1	1	0:00:00.264049
9140	7	7	10.0	1	0:00:00.259488
9160	5	3	0.0	0	0:00:00.258568
9180	5	5	12.2	1	0:00:00.255834
9200	8	8	45.3	1	0:00:01.076308
9220	8	8	9.49	1	0:00:00.249685
9240	8	8	10.0	1	0:00:00.258971
9260	5	3	0.0	0	0:00:00.296105
9280	9	9	15.6	1	0:00:00.258087
9300	5	3	0.0	0	0:00:00.258402
9320	9	9	45.3	1	0:00:01.100267
9340	1	1	45.3	1	0:00:01.103193
9360	5	5	8.0	1	0:00:00.252730
9380	5	3	0.0	0	0:00:00.262768
9400	6	6	4.47	1	0:00:00.253827
9420	5	5	7.21	1	0:00:00.263541
9440	8	8	8.06	1	0:00:00.268653
9460	3	3	45.3	1	0:00:01.104184
9480	2	2	2.0	1	0:00:00.257419
9500	9	9	45.3	1	0:00:01.097578
9520	1	1	45.3	1	0:00:01.084326
9540	5	5	19.1	1	0:00:00.515505
9560	9	9	11.0	1	0:00:00.260112
9580	1	1	45.3	1	0:00:01.104241
9600	8	8	45.3	1	0:00:01.102531
9620	4	4	12.8	1	0:00:00.270156
9640	5	5	9.22	1	0:00:00.271670
9660	6	6	11.3	1	0:00:00.262515
9680	8	8	8.49	1	0:00:00.272918
9700	0	0	45.3	1	0:00:01.106374
9720	8	8	10.0	1	0:00:00.254268
9740	3	6	0.0	0	0:00:00.259861
9760	9	9	11.2	1	0:00:00.255967
9780	4	5	0.0	0	0:00:00.260543
9800	1	1	45.3	1	0:00:01.098620
9820	0	0	3.61	1	0:00:00.261231
9840	4	7	0.0	0	0:00:00.258723
9860	0	0	9.22	1	0:00:00.264369
9880	7	7	6.71	1	0:00:00.255488
9900	8	8	18.6	1	0:00:00.527724
9920	6	6	15.1	1	0:00:00.265515
9940	4	4	2.0	1	0:00:00.257339
9960	2	0	0.0	0	0:00:00.264201
9980	0	0	45.3	1	0:00:01.097471
