idx	label	predict	radius	correct	time
0	3	3	45.3	1	0:00:01.213986
20	7	7	9.22	1	0:00:00.222975
40	4	4	12.6	1	0:00:00.221980
60	7	7	45.3	1	0:00:00.946159
80	8	8	45.3	1	0:00:00.956539
100	4	4	3.16	1	0:00:00.223695
120	8	8	45.3	1	0:00:00.938962
140	6	6	8.0	1	0:00:00.223124
160	2	2	6.32	1	0:00:00.222258
180	0	0	2.24	1	0:00:00.227089
200	5	5	14.8	1	0:00:00.223778
220	7	7	10.8	1	0:00:00.225288
240	1	1	45.3	1	0:00:00.944981
260	8	8	45.3	1	0:00:00.943547
280	9	9	45.3	1	0:00:00.950393
300	6	6	45.3	1	0:00:00.947538
320	3	3	45.3	1	0:00:00.948123
340	2	2	3.0	1	0:00:00.223891
360	9	9	45.3	1	0:00:00.948852
380	6	6	45.3	1	0:00:00.944643
400	9	9	16.6	1	0:00:00.226486
420	4	4	11.7	1	0:00:00.222426
440	1	1	45.3	1	0:00:00.944692
460	5	5	45.3	1	0:00:00.955112
480	8	8	1.0	1	0:00:00.225198
500	4	4	12.0	1	0:00:00.223926
520	5	5	1.41	1	0:00:00.226220
540	1	1	45.3	1	0:00:00.942721
560	0	0	45.3	1	0:00:00.942214
580	4	4	14.3	1	0:00:00.222074
600	8	8	45.3	1	0:00:00.945828
620	7	7	45.3	1	0:00:00.941710
640	5	5	10.8	1	0:00:00.222440
660	9	9	45.3	1	0:00:00.945679
680	9	1	0.0	0	0:00:00.223401
700	7	7	45.3	1	0:00:00.941145
720	4	4	12.7	1	0:00:00.222476
740	2	2	4.12	1	0:00:00.222282
760	3	3	45.3	1	0:00:00.940357
780	9	9	45.3	1	0:00:00.947639
800	7	7	45.3	1	0:00:00.944899
820	6	6	7.07	1	0:00:00.225813
840	7	7	45.3	1	0:00:00.944674
860	4	4	1.0	1	0:00:00.222650
880	8	8	10.0	1	0:00:00.223465
900	2	3	0.0	0	0:00:00.225080
920	6	4	0.0	0	0:00:00.223184
940	9	9	45.3	1	0:00:00.943693
960	9	9	2.0	1	0:00:00.228736
980	2	2	15.6	1	0:00:00.222950
1000	5	5	15.1	1	0:00:00.223339
1020	1	1	45.3	1	0:00:00.943894
1040	7	5	0.0	0	0:00:00.224664
1060	9	9	45.3	1	0:00:00.941170
1080	6	6	15.0	1	0:00:00.223513
1100	7	5	0.0	0	0:00:00.223512
1120	5	2	0.0	0	0:00:00.224446
1140	6	6	45.3	1	0:00:00.941827
1160	8	8	45.3	1	0:00:00.942414
1180	3	3	45.3	1	0:00:00.952111
1200	8	8	45.3	1	0:00:00.949003
1220	9	9	45.3	1	0:00:00.944873
1240	2	2	45.3	1	0:00:00.944494
1260	1	1	45.3	1	0:00:00.945136
1280	3	3	2.0	1	0:00:00.223980
1300	4	4	45.3	1	0:00:00.944533
1320	7	7	45.3	1	0:00:00.942916
1340	1	1	45.3	1	0:00:00.947366
1360	7	7	17.0	1	0:00:00.222560
1380	4	4	16.4	1	0:00:00.225152
1400	5	5	4.47	1	0:00:00.223178
1420	4	4	8.06	1	0:00:00.224849
1440	0	0	12.5	1	0:00:00.225008
1460	6	6	45.3	1	0:00:00.945034
1480	1	8	0.0	0	0:00:00.223801
1500	1	1	12.8	1	0:00:00.226075
1520	7	7	45.3	1	0:00:00.946356
1540	8	8	45.3	1	0:00:00.948449
1560	7	7	45.3	1	0:00:00.947752
1580	6	4	0.0	0	0:00:00.223358
1600	8	8	11.0	1	0:00:00.224206
1620	5	5	4.12	1	0:00:00.223588
1640	7	7	1.0	1	0:00:00.225729
1660	3	3	13.6	1	0:00:00.223825
1680	6	6	45.3	1	0:00:00.946491
1700	5	5	45.3	1	0:00:00.960188
1720	4	4	13.0	1	0:00:00.222558
1740	1	1	45.3	1	0:00:00.945271
1760	0	0	45.3	1	0:00:00.946401
1780	7	0	0.0	0	0:00:00.224666
1800	4	4	45.3	1	0:00:00.954239
1820	8	8	45.3	1	0:00:00.947602
1840	8	8	3.16	1	0:00:00.228725
1860	8	8	4.12	1	0:00:00.223946
1880	1	1	45.3	1	0:00:00.946171
1900	8	8	45.3	1	0:00:00.954583
1920	2	2	45.3	1	0:00:00.952255
1940	5	5	6.4	1	0:00:00.223638
1960	2	2	10.0	1	0:00:00.223337
1980	9	9	45.3	1	0:00:00.946141
2000	1	1	45.3	1	0:00:00.946831
2020	9	9	45.3	1	0:00:00.947701
2040	0	0	45.3	1	0:00:00.947311
2060	5	5	12.0	1	0:00:00.225793
2080	1	1	9.06	1	0:00:00.223536
2100	2	2	19.1	1	0:00:00.450711
2120	4	0	0.0	0	0:00:00.223184
2140	9	9	45.3	1	0:00:00.947851
2160	0	0	5.83	1	0:00:00.223858
2180	4	4	45.3	1	0:00:00.949014
2200	0	2	0.0	0	0:00:00.224428
2220	1	1	45.3	1	0:00:00.946031
2240	9	9	1.0	1	0:00:00.223830
2260	4	4	45.3	1	0:00:00.947173
2280	4	4	45.3	1	0:00:00.950825
2300	3	3	4.47	1	0:00:00.226168
2320	5	5	3.0	1	0:00:00.223330
2340	7	7	45.3	1	0:00:00.949755
2360	7	7	15.0	1	0:00:00.227045
2380	8	8	45.3	1	0:00:00.949808
2400	0	0	10.0	1	0:00:00.224561
2420	8	8	13.0	1	0:00:00.224468
2440	7	7	10.0	1	0:00:00.223220
2460	9	9	45.3	1	0:00:00.949000
2480	8	8	45.3	1	0:00:00.952767
2500	4	4	10.0	1	0:00:00.225815
2520	1	1	7.0	1	0:00:00.225523
2540	2	2	12.2	1	0:00:00.225099
2560	7	7	10.0	1	0:00:00.226051
2580	6	6	2.83	1	0:00:00.226034
2600	8	8	45.3	1	0:00:00.955226
2620	1	1	45.3	1	0:00:00.951802
2640	7	7	12.1	1	0:00:00.225822
2660	3	3	15.8	1	0:00:00.225444
2680	0	0	45.3	1	0:00:00.952147
2700	9	9	10.6	1	0:00:00.225075
2720	3	3	45.3	1	0:00:00.953165
2740	1	1	8.6	1	0:00:00.225195
2760	2	2	6.71	1	0:00:00.228733
2780	7	7	45.3	1	0:00:00.951309
2800	4	4	12.0	1	0:00:00.226356
2820	6	6	45.3	1	0:00:00.949023
2840	3	3	45.3	1	0:00:00.963259
2860	5	5	45.3	1	0:00:01.010753
2880	4	4	45.3	1	0:00:00.970306
2900	3	2	0.0	0	0:00:00.228545
2920	2	2	45.3	1	0:00:00.957857
2940	3	0	0.0	0	0:00:00.229089
2960	9	0	0.0	0	0:00:00.228193
2980	8	8	45.3	1	0:00:00.997548
3000	5	5	45.3	1	0:00:00.971989
3020	1	1	45.3	1	0:00:00.976218
3040	7	7	45.3	1	0:00:01.002754
3060	7	7	11.2	1	0:00:00.232898
3080	1	1	2.24	1	0:00:00.231692
3100	0	0	3.0	1	0:00:00.227359
3120	4	4	11.0	1	0:00:00.223791
3140	8	8	45.3	1	0:00:00.998984
3160	6	6	1.0	1	0:00:00.242549
3180	3	6	0.0	0	0:00:00.242450
3200	5	5	45.3	1	0:00:00.994715
3220	3	3	3.0	1	0:00:00.232637
3240	4	4	2.24	1	0:00:00.229708
3260	7	7	45.3	1	0:00:00.959036
3280	3	3	12.4	1	0:00:00.227718
3300	4	4	14.9	1	0:00:00.240624
3320	2	2	1.0	1	0:00:00.244097
3340	6	6	45.3	1	0:00:01.012377
3360	4	4	45.3	1	0:00:00.977844
3380	8	8	45.3	1	0:00:00.957199
3400	6	0	0.0	0	0:00:00.226019
3420	5	5	2.24	1	0:00:00.236756
3440	2	2	9.0	1	0:00:00.241846
3460	1	1	45.3	1	0:00:01.015527
3480	2	2	45.3	1	0:00:00.968304
3500	1	1	45.3	1	0:00:01.009571
3520	1	1	45.3	1	0:00:01.007201
3540	6	6	45.3	1	0:00:00.975868
3560	1	9	0.0	0	0:00:00.228826
3580	4	6	0.0	0	0:00:00.225472
3600	4	3	0.0	0	0:00:00.225263
3620	0	0	12.6	1	0:00:00.230127
3640	6	6	12.5	1	0:00:00.241488
3660	0	0	45.3	1	0:00:01.016155
3680	0	0	7.07	1	0:00:00.239375
3700	3	3	45.3	1	0:00:00.957074
3720	2	2	45.3	1	0:00:00.991214
3740	0	0	45.3	1	0:00:00.996217
3760	7	7	45.3	1	0:00:01.015754
3780	4	4	6.32	1	0:00:00.234459
3800	9	9	45.3	1	0:00:00.982798
3820	0	0	17.7	1	0:00:00.237792
3840	6	2	0.0	0	0:00:00.228921
3860	7	7	45.3	1	0:00:01.003085
3880	6	6	45.3	1	0:00:01.007509
3900	3	3	12.2	1	0:00:00.225068
3920	7	7	1.41	1	0:00:00.230614
3940	6	6	18.4	1	0:00:00.462420
3960	2	2	18.0	1	0:00:00.480794
3980	9	2	0.0	0	0:00:00.241103
4000	8	2	0.0	0	0:00:00.235056
4020	8	0	0.0	0	0:00:00.234169
4040	0	0	11.0	1	0:00:00.234448
4060	6	6	45.3	1	0:00:00.998714
4080	1	1	45.3	1	0:00:00.984866
4100	7	7	45.3	1	0:00:01.089298
4120	4	4	45.3	1	0:00:01.053034
4140	5	3	0.0	0	0:00:00.243765
4160	5	5	45.3	1	0:00:01.027775
4180	0	0	5.0	1	0:00:00.253362
4200	4	4	45.3	1	0:00:01.058708
4220	4	4	10.0	1	0:00:00.248437
4240	7	7	18.6	1	0:00:00.483285
4260	8	8	45.3	1	0:00:01.025265
4280	8	8	45.3	1	0:00:01.066125
4300	8	8	45.3	1	0:00:01.046147
4320	1	1	1.0	1	0:00:00.252038
4340	0	0	45.3	1	0:00:01.024965
4360	6	6	5.1	1	0:00:00.245399
4380	9	9	45.3	1	0:00:01.023353
4400	3	3	10.4	1	0:00:00.255065
4420	5	5	45.3	1	0:00:01.031480
4440	2	2	45.3	1	0:00:01.071177
4460	9	9	45.3	1	0:00:01.050009
4480	9	9	45.3	1	0:00:01.055303
4500	3	3	13.5	1	0:00:00.256008
4520	3	3	2.0	1	0:00:00.252067
4540	9	9	45.3	1	0:00:01.032753
4560	1	1	45.3	1	0:00:01.034736
4580	6	6	45.3	1	0:00:01.052708
4600	4	4	45.3	1	0:00:01.023243
4620	7	7	3.0	1	0:00:00.251466
4640	2	2	45.3	1	0:00:01.009742
4660	7	7	9.06	1	0:00:00.231011
4680	9	9	45.3	1	0:00:00.993211
4700	6	6	8.06	1	0:00:00.233578
4720	8	8	3.61	1	0:00:00.241305
4740	5	3	0.0	0	0:00:00.230308
4760	3	0	0.0	0	0:00:00.228752
4780	0	0	45.3	1	0:00:01.047159
4800	9	9	45.3	1	0:00:01.045053
4820	3	2	0.0	0	0:00:00.255897
4840	0	0	45.3	1	0:00:01.011277
4860	5	5	16.6	1	0:00:00.240030
4880	0	0	5.39	1	0:00:00.252876
4900	3	3	45.3	1	0:00:01.021176
4920	7	7	45.3	1	0:00:01.016339
4940	6	6	45.3	1	0:00:01.019675
4960	4	4	9.22	1	0:00:00.254333
4980	1	1	10.4	1	0:00:00.241221
5000	7	7	45.3	1	0:00:01.036320
5020	8	8	45.3	1	0:00:01.036159
5040	3	3	8.06	1	0:00:00.242076
5060	6	2	0.0	0	0:00:00.251028
5080	7	7	45.3	1	0:00:01.038737
5100	3	3	45.3	1	0:00:01.033469
5120	9	9	45.3	1	0:00:01.045047
5140	8	8	45.3	1	0:00:01.059813
5160	0	0	45.3	1	0:00:01.049169
5180	9	9	1.0	1	0:00:00.241860
5200	3	5	0.0	0	0:00:00.241053
5220	0	0	45.3	1	0:00:01.041219
5240	1	1	2.0	1	0:00:00.239263
5260	0	0	45.3	1	0:00:01.015804
5280	0	0	4.47	1	0:00:00.255684
5300	9	9	45.3	1	0:00:01.045169
5320	7	7	4.24	1	0:00:00.248970
5340	3	4	0.0	0	0:00:00.243145
5360	9	9	45.3	1	0:00:01.037297
5380	1	1	8.94	1	0:00:00.241485
5400	9	9	45.3	1	0:00:01.016775
5420	6	6	45.3	1	0:00:01.026010
5440	9	9	45.3	1	0:00:01.021884
5460	0	0	2.24	1	0:00:00.243456
5480	1	1	45.3	1	0:00:01.031547
5500	8	8	45.3	1	0:00:01.061516
5520	4	4	7.07	1	0:00:00.243435
5540	5	5	45.3	1	0:00:01.037457
5560	3	5	0.0	0	0:00:00.241363
5580	5	5	1.0	1	0:00:00.247875
5600	6	6	1.0	1	0:00:00.254142
5620	3	6	0.0	0	0:00:00.242167
5640	2	3	0.0	0	0:00:00.240269
5660	9	9	9.22	1	0:00:00.252687
5680	2	2	9.06	1	0:00:00.255334
5700	3	0	0.0	0	0:00:00.247781
5720	9	9	18.6	1	0:00:00.484001
5740	6	6	4.24	1	0:00:00.251571
5760	2	2	17.0	1	0:00:00.249960
5780	7	7	45.3	1	0:00:01.038510
5800	2	2	13.3	1	0:00:00.244592
5820	5	5	7.28	1	0:00:00.237722
5840	2	3	0.0	0	0:00:00.240291
5860	0	0	1.41	1	0:00:00.254407
5880	0	0	45.3	1	0:00:01.019381
5900	4	6	0.0	0	0:00:00.245273
5920	8	8	45.3	1	0:00:01.036962
5940	7	2	0.0	0	0:00:00.251693
5960	2	2	3.0	1	0:00:00.244342
5980	9	9	45.3	1	0:00:01.026145
6000	8	8	1.0	1	0:00:00.239389
6020	6	6	45.3	1	0:00:01.037164
6040	2	2	7.62	1	0:00:00.243266
6060	3	3	6.32	1	0:00:00.238491
6080	1	1	19.1	1	0:00:00.480930
6100	1	1	45.3	1	0:00:01.038815
6120	5	5	45.3	1	0:00:01.034302
6140	9	9	45.3	1	0:00:01.030207
6160	2	6	0.0	0	0:00:00.239121
6180	0	0	21.2	1	0:00:00.485014
6200	3	3	45.3	1	0:00:01.039294
6220	2	2	14.3	1	0:00:00.247638
6240	2	2	13.5	1	0:00:00.243004
6260	2	2	14.1	1	0:00:00.256233
6280	8	8	11.4	1	0:00:00.244920
6300	1	1	12.8	1	0:00:00.239910
6320	0	0	5.1	1	0:00:00.240077
6340	3	3	45.3	1	0:00:01.022603
6360	2	2	45.3	1	0:00:01.030826
6380	3	3	4.12	1	0:00:00.240817
6400	0	0	12.0	1	0:00:00.251810
6420	7	7	14.1	1	0:00:00.252917
6440	3	3	3.0	1	0:00:00.239405
6460	3	3	45.3	1	0:00:01.039353
6480	0	0	1.0	1	0:00:00.238801
6500	7	7	5.39	1	0:00:00.251115
6520	6	6	45.3	1	0:00:01.027157
6540	8	8	45.3	1	0:00:01.023665
6560	6	6	45.3	1	0:00:01.041935
6580	1	1	1.0	1	0:00:00.254795
6600	7	7	6.08	1	0:00:00.245634
6620	7	7	45.3	1	0:00:01.043267
6640	5	3	0.0	0	0:00:00.242576
6660	0	0	13.9	1	0:00:00.254192
6680	3	3	5.0	1	0:00:00.254621
6700	6	6	45.3	1	0:00:01.042178
6720	2	2	2.0	1	0:00:00.246036
6740	2	2	45.3	1	0:00:01.041290
6760	5	5	45.3	1	0:00:01.036171
6780	7	7	45.3	1	0:00:01.033809
6800	6	6	6.4	1	0:00:00.240021
6820	1	1	45.3	1	0:00:00.975602
6840	9	9	45.3	1	0:00:00.984082
6860	0	0	2.0	1	0:00:00.228173
6880	2	2	7.0	1	0:00:00.241185
6900	3	3	10.6	1	0:00:00.244461
6920	5	5	11.7	1	0:00:00.236572
6940	1	1	45.3	1	0:00:00.957210
6960	9	9	45.3	1	0:00:00.974830
6980	0	0	10.3	1	0:00:00.228886
7000	2	2	1.0	1	0:00:00.240069
7020	7	7	45.3	1	0:00:00.973035
7040	7	2	0.0	0	0:00:00.235660
7060	8	8	45.3	1	0:00:00.982201
7080	5	5	1.0	1	0:00:00.227369
7100	9	9	12.0	1	0:00:00.241035
7120	7	7	1.0	1	0:00:00.241844
7140	4	4	13.5	1	0:00:00.237595
7160	5	5	45.3	1	0:00:00.954737
7180	6	6	45.3	1	0:00:00.975316
7200	4	4	14.9	1	0:00:00.229781
7220	9	9	45.3	1	0:00:00.983553
7240	0	0	45.3	1	0:00:01.006096
7260	1	1	45.3	1	0:00:00.990860
7280	1	9	0.0	0	0:00:00.225429
7300	3	3	7.28	1	0:00:00.226099
7320	8	8	1.0	1	0:00:00.231752
7340	2	2	45.3	1	0:00:01.004590
7360	2	2	5.39	1	0:00:00.232937
7380	7	7	45.3	1	0:00:00.992912
7400	3	5	0.0	0	0:00:00.222739
7420	3	6	0.0	0	0:00:00.227762
7440	3	3	6.0	1	0:00:00.241601
7460	5	5	11.2	1	0:00:00.232296
7480	1	1	45.3	1	0:00:00.957293
7500	6	6	45.3	1	0:00:00.976845
7520	4	2	0.0	0	0:00:00.225673
7540	5	5	45.3	1	0:00:00.988558
7560	0	0	45.3	1	0:00:00.979995
7580	8	8	45.3	1	0:00:00.953389
7600	8	8	7.21	1	0:00:00.235945
7620	5	3	0.0	0	0:00:00.234642
7640	9	8	0.0	0	0:00:00.223141
7660	7	7	13.6	1	0:00:00.225289
7680	3	3	1.41	1	0:00:00.227779
7700	6	6	45.3	1	0:00:00.978195
7720	5	5	45.3	1	0:00:00.965274
7740	4	4	2.24	1	0:00:00.238265
7760	2	0	0.0	0	0:00:00.226264
7780	3	3	45.3	1	0:00:00.979215
7800	0	0	14.1	1	0:00:00.236756
7820	5	5	6.08	1	0:00:00.234412
7840	1	1	45.3	1	0:00:00.977126
7860	8	8	15.0	1	0:00:00.240987
7880	0	0	45.3	1	0:00:00.991129
7900	0	0	45.3	1	0:00:00.993057
7920	9	9	45.3	1	0:00:00.970384
7940	2	2	3.16	1	0:00:00.227773
7960	0	0	45.3	1	0:00:00.977327
7980	3	3	21.3	1	0:00:00.469401
8000	9	9	45.3	1	0:00:00.976419
8020	6	6	2.24	1	0:00:00.229256
8040	2	2	45.3	1	0:00:00.974352
8060	6	6	45.3	1	0:00:00.978825
8080	4	4	13.0	1	0:00:00.225321
8100	6	6	45.3	1	0:00:00.987011
8120	8	8	45.3	1	0:00:00.966361
8140	5	5	15.6	1	0:00:00.236044
8160	6	6	13.0	1	0:00:00.228189
8180	4	4	7.07	1	0:00:00.225395
8200	3	5	0.0	0	0:00:00.225948
8220	6	6	45.3	1	0:00:00.987925
8240	7	7	45.3	1	0:00:00.963749
8260	1	1	45.3	1	0:00:00.958666
8280	4	4	1.0	1	0:00:00.229040
8300	5	6	0.0	0	0:00:00.241364
8320	7	7	11.0	1	0:00:00.236061
8340	5	3	0.0	0	0:00:00.225438
8360	7	7	45.3	1	0:00:00.954382
8380	9	9	9.06	1	0:00:00.243876
8400	0	0	45.3	1	0:00:00.961615
8420	3	6	0.0	0	0:00:00.229470
8440	5	5	1.0	1	0:00:00.235944
8460	8	8	45.3	1	0:00:00.952799
8480	2	2	5.39	1	0:00:00.224901
8500	4	4	45.3	1	0:00:00.975216
8520	8	8	4.47	1	0:00:00.226983
8540	4	4	45.3	1	0:00:00.983728
8560	7	7	9.22	1	0:00:00.227836
8580	3	5	0.0	0	0:00:00.226900
8600	3	3	6.08	1	0:00:00.238550
8620	3	2	0.0	0	0:00:00.242781
8640	1	1	11.2	1	0:00:00.235210
8660	7	7	45.3	1	0:00:00.959093
8680	3	3	9.22	1	0:00:00.239108
8700	3	3	14.0	1	0:00:00.230190
8720	2	0	0.0	0	0:00:00.226595
8740	2	2	11.0	1	0:00:00.225354
8760	8	8	5.0	1	0:00:00.225351
8780	4	4	11.2	1	0:00:00.224204
8800	0	0	45.3	1	0:00:01.009853
8820	2	2	45.3	1	0:00:01.007984
8840	2	2	1.0	1	0:00:00.225487
8860	2	2	45.3	1	0:00:00.992089
8880	1	1	45.3	1	0:00:00.970846
8900	2	2	3.0	1	0:00:00.240764
8920	6	6	45.3	1	0:00:00.973726
8940	6	6	1.41	1	0:00:00.237204
8960	0	0	13.0	1	0:00:00.225210
8980	9	9	45.3	1	0:00:00.973479
9000	8	8	45.3	1	0:00:00.956274
9020	7	7	45.3	1	0:00:00.952189
9040	2	5	0.0	0	0:00:00.224666
9060	9	9	45.3	1	0:00:00.981406
9080	3	5	0.0	0	0:00:00.225188
9100	9	9	45.3	1	0:00:00.973195
9120	3	3	6.08	1	0:00:00.232734
9140	7	7	9.85	1	0:00:00.224374
9160	5	4	0.0	0	0:00:00.223154
9180	5	5	45.3	1	0:00:00.987001
9200	8	8	45.3	1	0:00:00.961038
9220	8	8	18.6	1	0:00:00.460191
9240	8	8	15.8	1	0:00:00.223611
9260	5	3	0.0	0	0:00:00.224385
9280	9	9	45.3	1	0:00:00.985580
9300	5	3	0.0	0	0:00:00.231077
9320	9	9	45.3	1	0:00:00.985975
9340	1	1	45.3	1	0:00:00.969011
9360	5	5	7.21	1	0:00:00.240537
9380	5	3	0.0	0	0:00:00.227801
9400	6	6	45.3	1	0:00:00.952936
9420	5	5	45.3	1	0:00:00.971139
9440	8	8	45.3	1	0:00:00.987463
9460	3	3	45.3	1	0:00:00.981662
9480	2	2	45.3	1	0:00:00.957274
9500	9	9	45.3	1	0:00:00.972293
9520	1	1	45.3	1	0:00:00.975858
9540	5	5	45.3	1	0:00:00.990034
9560	9	9	11.0	1	0:00:00.231114
9580	1	1	45.3	1	0:00:00.971108
9600	8	8	45.3	1	0:00:00.975936
9620	4	4	18.4	1	0:00:00.462115
9640	5	5	45.3	1	0:00:00.949720
9660	6	6	45.3	1	0:00:00.958446
9680	8	8	45.3	1	0:00:00.978153
9700	0	0	45.3	1	0:00:00.957057
9720	8	8	45.3	1	0:00:00.961169
9740	3	6	0.0	0	0:00:00.226793
9760	9	9	45.3	1	0:00:00.992127
9780	4	4	2.0	1	0:00:00.226747
9800	1	1	45.3	1	0:00:00.971773
9820	0	0	1.0	1	0:00:00.226346
9840	4	7	0.0	0	0:00:00.227735
9860	0	0	45.3	1	0:00:00.990975
9880	7	7	2.24	1	0:00:00.222779
9900	8	8	18.6	1	0:00:00.469788
9920	6	6	45.3	1	0:00:00.958742
9940	4	4	1.0	1	0:00:00.229135
9960	2	2	1.0	1	0:00:00.240928
9980	0	0	45.3	1	0:00:00.962333
