idx	label	predict	radius	correct	time
0	0	-1	0.0	0	0:00:59.903499
500	10	10	5.84	1	0:00:56.843358
1000	20	20	8.11	1	0:00:57.473343
1500	30	30	4.68	1	0:01:02.354803
2000	40	315	4.85	0	0:01:02.658592
2500	50	50	0.44	1	0:01:02.267473
3000	60	61	3.81	0	0:01:03.536676
3500	70	70	7.35	1	0:01:02.373474
4000	80	80	8.11	1	0:01:00.666416
4500	90	90	8.11	1	0:01:00.568714
5000	100	100	8.11	1	0:00:59.538132
5500	110	110	6.81	1	0:00:59.333410
6000	120	77	4.53	0	0:01:00.465722
6500	130	130	6.18	1	0:01:00.568422
7000	140	140	8.11	1	0:01:01.274806
7500	150	360	7.71	0	0:01:01.136076
8000	160	160	4.71	1	0:00:58.998937
8500	170	172	2.8	0	0:01:01.943997
9000	180	-1	0.0	0	0:01:01.443916
9500	190	190	8.11	1	0:01:00.489819
10000	200	200	3.66	1	0:01:00.607980
10500	210	210	8.11	1	0:00:58.301280
11000	220	220	8.11	1	0:00:59.659733
11500	230	230	8.11	1	0:00:59.366853
12000	240	238	4.55	0	0:01:00.584274
12500	250	-1	0.0	0	0:00:59.577775
13000	260	260	8.11	1	0:00:59.889260
13500	270	270	6.07	1	0:00:58.694787
14000	280	280	6.09	1	0:01:01.922700
14500	290	290	6.02	1	0:01:00.704636
15000	300	300	2.68	1	0:00:58.762074
15500	310	310	5.24	1	0:00:59.765609
16000	320	320	8.11	1	0:01:01.228616
16500	330	330	4.83	1	0:01:00.539996
17000	340	340	8.11	1	0:01:01.189614
17500	350	350	8.11	1	0:01:00.266400
18000	360	360	6.14	1	0:01:00.402210
18500	370	370	8.11	1	0:00:59.700296
19000	380	380	4.45	1	0:01:01.443011
19500	390	390	7.81	1	0:00:59.541511
20000	400	400	4.25	1	0:01:01.230755
20500	410	410	4.83	1	0:00:58.640492
21000	420	918	1.09	0	0:01:01.061755
21500	430	430	5.47	1	0:01:00.287089
22000	440	-1	0.0	0	0:01:00.444216
22500	450	450	4.02	1	0:01:00.468304
23000	460	978	7.23	0	0:00:58.849409
23500	470	-1	0.0	0	0:00:59.053418
24000	480	509	4.12	0	0:00:57.013455
24500	490	-1	0.0	0	0:01:01.278508
25000	500	500	7.39	1	0:00:59.601607
25500	510	510	6.45	1	0:00:57.629610
26000	520	520	8.11	1	0:00:59.933193
26500	530	530	4.68	1	0:01:03.680499
27000	540	540	7.5	1	0:01:03.810091
27500	550	505	5.98	0	0:01:02.793340
28000	560	560	5.88	1	0:01:00.271370
28500	570	-1	0.0	0	0:00:59.664773
29000	580	738	0.717	0	0:01:01.355797
29500	590	620	0.342	0	0:01:00.565842
30000	600	517	1.61	0	0:00:58.142142
30500	610	610	3.58	1	0:00:59.369391
31000	620	620	3.66	1	0:01:00.330367
31500	630	703	4.9	0	0:01:00.724296
32000	640	640	8.11	1	0:01:00.305211
32500	650	819	2.37	0	0:01:01.199596
33000	660	660	6.99	1	0:01:00.164298
33500	670	670	8.11	1	0:00:58.828423
34000	680	680	2.1	1	0:01:02.442480
34500	690	690	6.55	1	0:01:00.455002
35000	700	999	1.32	0	0:01:00.306019
35500	710	710	6.14	1	0:00:59.770645
36000	720	-1	0.0	0	0:01:01.318799
36500	730	856	4.33	0	0:00:59.756399
37000	740	796	2.79	0	0:00:58.525991
37500	750	208	3.38	0	0:01:00.531869
38000	760	799	1.86	0	0:00:59.102280
38500	770	560	1.56	0	0:00:58.610226
39000	780	724	0.991	0	0:00:58.874084
39500	790	791	4.1	0	0:00:59.828189
40000	800	800	8.11	1	0:00:58.955886
40500	810	878	3.85	0	0:00:59.957718
41000	820	-1	0.0	0	0:00:59.193063
41500	830	830	2.75	1	0:01:01.608049
42000	840	840	0.73	1	0:00:59.814928
42500	850	850	4.4	1	0:00:59.595562
43000	860	409	3.73	0	0:00:59.084697
43500	870	-1	0.0	0	0:01:00.534255
44000	880	870	2.95	0	0:01:00.060606
44500	890	890	6.29	1	0:01:02.486806
45000	900	900	8.11	1	0:01:00.445103
45500	910	641	7.23	0	0:01:01.243269
46000	920	-1	0.0	0	0:01:00.628857
46500	930	930	6.89	1	0:00:59.259542
47000	940	943	2.84	0	0:00:59.174455
47500	950	950	3.92	1	0:00:59.870405
48000	960	960	5.3	1	0:01:00.686276
48500	970	795	5.63	0	0:00:59.119087
49000	980	980	8.11	1	0:00:59.594095
49500	990	990	6.42	1	0:00:59.372593
