idx	label	predict	radius	correct	time
0	7	7	4.22	1	0:00:19.469710
20	9	9	4.22	1	0:00:18.622555
40	1	1	4.22	1	0:00:18.516036
60	7	7	3.14	1	0:00:19.049089
80	7	7	1.71	1	0:00:19.349307
100	6	6	4.22	1	0:00:19.268690
120	5	5	3.63	1	0:00:19.204824
140	6	6	4.22	1	0:00:18.150377
160	4	4	4.22	1	0:00:19.225241
180	1	1	4.22	1	0:00:18.598867
200	3	3	3.91	1	0:00:17.284007
220	7	7	2.99	1	0:00:17.141259
240	5	5	3.73	1	0:00:17.031348
260	8	8	4.22	1	0:00:17.361620
280	2	2	4.15	1	0:00:17.491349
300	4	4	4.22	1	0:00:16.723693
320	9	9	4.15	1	0:00:16.979398
340	5	5	1.5	1	0:00:17.671969
360	4	4	4.22	1	0:00:16.855230
380	0	0	4.22	1	0:00:17.372379
400	2	2	4.22	1	0:00:18.045412
420	4	4	4.22	1	0:00:17.287074
440	0	0	4.22	1	0:00:17.630418
460	5	5	2.68	1	0:00:17.668524
480	1	1	4.22	1	0:00:17.824449
500	3	3	4.22	1	0:00:16.588598
520	8	8	3.4	1	0:00:17.414222
540	5	5	4.03	1	0:00:17.111809
560	9	9	4.22	1	0:00:17.108577
580	8	8	4.22	1	0:00:17.193941
600	6	6	4.22	1	0:00:17.644189
620	0	0	4.22	1	0:00:17.219165
640	1	1	4.22	1	0:00:17.450231
660	4	4	4.22	1	0:00:17.253415
680	6	6	4.22	1	0:00:17.125508
700	1	1	4.22	1	0:00:17.231747
720	5	8	4.22	0	0:00:16.861589
740	4	4	2.75	1	0:00:17.996457
760	4	4	4.15	1	0:00:17.051632
780	3	3	4.22	1	0:00:17.034137
800	8	8	3.51	1	0:00:17.150399
820	6	6	4.22	1	0:00:17.680895
840	1	1	4.22	1	0:00:17.077124
860	6	6	4.22	1	0:00:16.892225
880	7	7	4.22	1	0:00:17.920439
900	1	1	4.22	1	0:00:17.448183
920	1	1	4.22	1	0:00:17.205566
940	6	6	4.22	1	0:00:16.948916
960	7	7	2.47	1	0:00:17.948377
980	2	2	4.22	1	0:00:17.204858
1000	9	9	4.22	1	0:00:16.422735
1020	3	3	4.22	1	0:00:16.530708
1040	1	1	4.22	1	0:00:17.258142
1060	4	4	4.22	1	0:00:16.021719
1080	4	4	4.06	1	0:00:17.041887
1100	7	7	3.91	1	0:00:16.884505
1120	8	8	4.06	1	0:00:16.479128
1140	4	4	4.22	1	0:00:16.262951
1160	4	4	4.22	1	0:00:16.808370
1180	1	1	4.22	1	0:00:16.338070
1200	8	8	3.64	1	0:00:17.188725
1220	0	0	4.22	1	0:00:16.387006
1240	1	1	4.22	1	0:00:16.606920
1260	7	1	0.588	0	0:00:16.311246
1280	1	1	4.22	1	0:00:17.029043
1300	4	4	4.22	1	0:00:16.874262
1320	8	8	3.23	1	0:00:16.714492
1340	5	5	4.22	1	0:00:16.787035
1360	1	1	4.22	1	0:00:16.537732
1380	9	9	4.22	1	0:00:16.811469
1400	6	6	4.22	1	0:00:16.232271
1420	6	6	3.98	1	0:00:16.774477
1440	4	4	1.43	1	0:00:16.746037
1460	5	5	4.22	1	0:00:16.467319
1480	3	3	4.15	1	0:00:17.149370
1500	7	3	0.783	0	0:00:16.234906
1520	7	7	4.22	1	0:00:16.584295
1540	7	7	4.22	1	0:00:17.203670
1560	8	8	4.0	1	0:00:16.572628
1580	4	4	4.1	1	0:00:16.568705
1600	3	3	4.22	1	0:00:16.872240
1620	2	2	4.22	1	0:00:16.569740
1640	9	9	3.12	1	0:00:17.271052
1660	7	7	3.94	1	0:00:16.364281
1680	4	4	4.22	1	0:00:16.587862
1700	0	0	4.0	1	0:00:16.270078
1720	4	4	4.22	1	0:00:16.369246
1740	8	8	3.58	1	0:00:16.869185
1760	1	1	4.03	1	0:00:16.099504
1780	1	1	4.22	1	0:00:16.177483
1800	6	6	3.79	1	0:00:15.830912
1820	1	1	4.22	1	0:00:16.082931
1840	3	3	4.22	1	0:00:17.461378
1860	5	5	3.55	1	0:00:17.457955
1880	6	6	4.1	1	0:00:16.123694
1900	1	1	3.06	1	0:00:15.772698
1920	4	4	3.94	1	0:00:16.399807
1940	5	5	1.69	1	0:00:17.068564
1960	8	8	4.22	1	0:00:17.175611
1980	4	4	4.1	1	0:00:17.116083
2000	6	6	3.38	1	0:00:16.556873
2020	3	3	4.22	1	0:00:15.905016
2040	5	5	2.46	1	0:00:19.574751
2060	0	0	4.22	1	0:00:17.552281
2080	3	3	4.22	1	0:00:17.167058
2100	5	5	3.75	1	0:00:18.401276
2120	4	4	4.15	1	0:00:16.820037
2140	6	6	4.22	1	0:00:16.988462
2160	6	6	4.15	1	0:00:17.071061
2180	5	5	3.72	1	0:00:17.273371
2200	2	2	4.22	1	0:00:16.570251
2220	7	7	3.41	1	0:00:17.203603
2240	7	7	4.22	1	0:00:16.426418
2260	2	2	4.22	1	0:00:17.060971
2280	3	3	2.15	1	0:00:16.646028
2300	3	3	4.22	1	0:00:16.564634
2320	9	9	4.22	1	0:00:16.862924
2340	4	4	4.22	1	0:00:16.943040
2360	6	6	4.22	1	0:00:16.299270
2380	9	9	4.22	1	0:00:17.098746
2400	5	5	3.43	1	0:00:17.042276
2420	9	9	4.22	1	0:00:16.363659
2440	4	4	4.1	1	0:00:16.773669
2460	5	5	3.02	1	0:00:16.696849
2480	7	7	2.38	1	0:00:16.435507
2500	2	2	3.7	1	0:00:16.786757
2520	8	8	3.73	1	0:00:16.237926
2540	5	5	3.85	1	0:00:16.523778
2560	3	3	3.06	1	0:00:16.924148
2580	6	6	3.84	1	0:00:16.343915
2600	8	8	4.22	1	0:00:17.113770
2620	6	6	4.22	1	0:00:16.439184
2640	8	8	3.98	1	0:00:16.410383
2660	0	0	4.22	1	0:00:16.777217
2680	4	4	4.22	1	0:00:16.791272
2700	7	7	4.22	1	0:00:16.291848
2720	9	9	2.95	1	0:00:16.874894
2740	9	9	4.22	1	0:00:16.478295
2760	9	9	4.22	1	0:00:17.345154
2780	2	2	3.94	1	0:00:16.349858
2800	8	8	3.65	1	0:00:17.190383
2820	7	7	3.96	1	0:00:16.825183
2840	3	3	3.81	1	0:00:16.402037
2860	6	6	4.22	1	0:00:16.878381
2880	1	1	4.22	1	0:00:16.526944
2900	4	4	4.22	1	0:00:16.407170
2920	6	6	3.25	1	0:00:16.743811
2940	2	2	4.15	1	0:00:17.041780
2960	8	8	4.22	1	0:00:16.704756
2980	6	6	4.15	1	0:00:17.248773
3000	6	6	4.22	1	0:00:16.781402
3020	0	0	4.22	1	0:00:16.849810
3040	7	7	3.02	1	0:00:16.739092
3060	9	9	1.75	1	0:00:16.916209
3080	3	3	4.22	1	0:00:16.731810
3100	5	3	4.22	0	0:00:16.909018
3120	3	3	4.15	1	0:00:16.629429
3140	0	0	4.06	1	0:00:16.927606
3160	9	9	2.15	1	0:00:17.190406
3180	2	2	4.06	1	0:00:16.468110
3200	9	9	3.14	1	0:00:16.657497
3220	5	5	4.22	1	0:00:16.128448
3240	9	9	2.88	1	0:00:17.029185
3260	2	2	3.91	1	0:00:16.881733
3280	2	2	3.82	1	0:00:16.843300
3300	3	3	2.94	1	0:00:16.731051
3320	1	1	4.22	1	0:00:17.320843
3340	8	8	4.22	1	0:00:16.463765
3360	7	7	3.55	1	0:00:16.136804
3380	1	1	4.22	1	0:00:17.133882
3400	7	7	4.22	1	0:00:16.466310
3420	1	1	4.22	1	0:00:17.384943
3440	8	8	3.12	1	0:00:16.221852
3460	9	9	4.22	1	0:00:16.837743
3480	1	1	4.22	1	0:00:16.335169
3500	4	4	4.22	1	0:00:16.662727
3520	6	4	4.22	0	0:00:17.821522
3540	0	0	3.75	1	0:00:16.458023
3560	6	6	4.22	1	0:00:16.719084
3580	7	1	0.792	0	0:00:18.324064
3600	2	2	3.96	1	0:00:18.839555
3620	3	3	4.22	1	0:00:17.235478
3640	0	0	4.06	1	0:00:18.834292
3660	0	0	4.15	1	0:00:17.579147
3680	0	0	4.15	1	0:00:18.775708
3700	4	4	4.22	1	0:00:18.534101
3720	7	7	4.22	1	0:00:20.512141
3740	3	3	4.22	1	0:00:20.386920
3760	9	9	4.22	1	0:00:20.195472
3780	4	6	2.68	0	0:00:19.809096
3800	6	6	3.88	1	0:00:19.289251
3820	9	9	4.22	1	0:00:19.216458
3840	9	9	4.22	1	0:00:19.354880
3860	5	5	4.1	1	0:00:18.371444
3880	8	8	3.83	1	0:00:19.126332
3900	1	1	4.22	1	0:00:18.469551
3920	7	7	4.22	1	0:00:18.588191
3940	0	0	4.03	1	0:00:19.763777
3960	5	5	3.89	1	0:00:18.411090
3980	0	0	4.22	1	0:00:18.716016
4000	9	9	2.89	1	0:00:18.387738
4020	8	8	4.22	1	0:00:18.355508
4040	9	9	4.22	1	0:00:18.295808
4060	4	4	4.22	1	0:00:18.389456
4080	0	0	4.15	1	0:00:18.742530
4100	2	2	1.15	1	0:00:18.617606
4120	3	3	4.22	1	0:00:18.401201
4140	8	8	3.27	1	0:00:18.407557
4160	6	6	4.22	1	0:00:17.705557
4180	2	2	4.0	1	0:00:18.279243
4200	7	7	4.22	1	0:00:19.269053
4220	3	3	4.22	1	0:00:18.061461
4240	9	9	3.52	1	0:00:18.450849
4260	2	2	4.0	1	0:00:18.349146
4280	9	9	4.22	1	0:00:18.895153
4300	5	5	2.07	1	0:00:18.137604
4320	0	0	4.22	1	0:00:18.363719
4340	5	5	3.81	1	0:00:18.593620
4360	5	5	2.4	1	0:00:18.308015
4380	8	8	3.5	1	0:00:18.222801
4400	7	7	2.91	1	0:00:18.038704
4420	5	5	3.71	1	0:00:18.741791
4440	5	5	2.55	1	0:00:18.438173
4460	7	7	3.43	1	0:00:18.575893
4480	9	9	4.22	1	0:00:18.638644
4500	9	9	3.44	1	0:00:18.813374
4520	5	5	3.98	1	0:00:18.868135
4540	7	7	4.06	1	0:00:18.320885
4560	9	9	2.84	1	0:00:17.807762
4580	1	1	4.22	1	0:00:18.669523
4600	3	3	4.22	1	0:00:18.388567
4620	6	6	4.22	1	0:00:18.766765
4640	8	8	4.15	1	0:00:17.364552
4660	7	7	3.47	1	0:00:18.150238
4680	6	6	4.15	1	0:00:18.208220
4700	9	9	4.22	1	0:00:18.413146
4720	0	0	4.15	1	0:00:18.463066
4740	3	5	2.02	0	0:00:18.729927
4760	7	7	4.15	1	0:00:18.044413
4780	0	0	4.22	1	0:00:18.810667
4800	7	7	4.0	1	0:00:18.182308
4820	8	8	3.84	1	0:00:19.111828
4840	9	9	4.22	1	0:00:18.446332
4860	4	4	4.22	1	0:00:18.143811
4880	0	0	2.63	1	0:00:18.294624
4900	7	7	4.22	1	0:00:18.229197
4920	2	2	4.15	1	0:00:18.406338
4940	3	3	4.22	1	0:00:17.492874
4960	8	8	3.56	1	0:00:18.577562
4980	6	6	4.06	1	0:00:18.048173
5000	3	3	4.22	1	0:00:18.366741
5020	5	5	3.98	1	0:00:18.492414
5040	7	7	3.27	1	0:00:18.384878
5060	9	9	4.22	1	0:00:18.915666
5080	9	9	4.22	1	0:00:18.576056
5100	9	9	1.38	1	0:00:18.545913
5120	2	2	4.15	1	0:00:18.421998
5140	3	3	3.58	1	0:00:18.231295
5160	5	5	3.54	1	0:00:18.453270
5180	7	7	4.22	1	0:00:18.189179
5200	4	4	4.22	1	0:00:18.356497
5220	9	9	4.22	1	0:00:17.898576
5240	7	7	1.2	1	0:00:17.925283
5260	4	4	4.06	1	0:00:18.991002
5280	0	0	4.22	1	0:00:18.383253
5300	8	8	3.98	1	0:00:18.482162
5320	0	0	4.15	1	0:00:18.933733
5340	2	2	4.22	1	0:00:18.264419
5360	8	8	4.22	1	0:00:18.717259
5380	8	8	4.22	1	0:00:18.881389
5400	5	5	4.22	1	0:00:19.588470
5420	5	5	3.54	1	0:00:19.559646
5440	4	4	3.91	1	0:00:19.065803
5460	1	1	4.22	1	0:00:17.636130
5480	5	5	4.15	1	0:00:17.580900
5500	4	4	4.22	1	0:00:17.717096
5520	1	1	4.22	1	0:00:17.705363
5540	7	7	3.71	1	0:00:16.805125
5560	7	7	3.1	1	0:00:17.773998
5580	9	9	4.22	1	0:00:17.447182
5600	7	7	0.781	1	0:00:17.926026
5620	7	9	2.75	0	0:00:17.738952
5640	7	7	4.15	1	0:00:17.694780
5660	6	6	4.22	1	0:00:17.812244
5680	8	8	4.15	1	0:00:17.805973
5700	3	3	4.22	1	0:00:17.588034
5720	4	4	4.15	1	0:00:17.698033
5740	3	3	4.22	1	0:00:16.792674
5760	3	3	4.22	1	0:00:17.877235
5780	3	3	3.78	1	0:00:17.566876
5800	9	9	3.13	1	0:00:17.756606
5820	2	2	4.22	1	0:00:17.788467
5840	2	2	4.1	1	0:00:17.750987
5860	3	3	4.22	1	0:00:17.798759
5880	1	1	4.22	1	0:00:18.234319
5900	4	4	4.22	1	0:00:18.268814
5920	6	6	4.22	1	0:00:17.614661
5940	8	8	4.22	1	0:00:17.953029
5960	8	8	4.22	1	0:00:18.204461
5980	0	0	4.15	1	0:00:17.767623
6000	9	9	4.22	1	0:00:17.727700
6020	6	6	3.7	1	0:00:17.935045
6040	0	0	4.06	1	0:00:17.574772
6060	1	1	4.22	1	0:00:17.033540
6080	8	8	3.91	1	0:00:17.256990
6100	4	4	4.22	1	0:00:17.360480
6120	5	5	3.68	1	0:00:18.232332
6140	0	0	4.22	1	0:00:16.993767
6160	3	3	3.02	1	0:00:16.719188
6180	2	2	4.1	1	0:00:17.706900
6200	9	9	4.22	1	0:00:17.242826
6220	4	4	4.15	1	0:00:16.826467
6240	2	2	4.0	1	0:00:17.497263
6260	3	3	3.69	1	0:00:16.968094
6280	0	0	4.22	1	0:00:16.868151
6300	4	4	4.15	1	0:00:17.795416
6320	1	1	4.22	1	0:00:17.069154
6340	2	2	4.22	1	0:00:17.431825
6360	7	7	4.22	1	0:00:17.379922
6380	7	7	4.22	1	0:00:17.873992
6400	0	4	1.93	0	0:00:16.654990
6420	9	9	4.22	1	0:00:16.903194
6440	3	3	4.22	1	0:00:16.991806
6460	4	4	4.22	1	0:00:16.899762
6480	2	2	2.68	1	0:00:16.627278
6500	5	5	4.03	1	0:00:16.894823
6520	9	9	4.22	1	0:00:16.782034
6540	1	1	4.22	1	0:00:17.024645
6560	9	9	2.82	1	0:00:16.809146
6580	0	0	4.15	1	0:00:16.696749
6600	5	5	4.0	1	0:00:16.905494
6620	5	5	3.76	1	0:00:16.568310
6640	7	7	4.15	1	0:00:17.239892
6660	4	4	4.22	1	0:00:17.428604
6680	1	1	4.22	1	0:00:16.929657
6700	4	4	4.22	1	0:00:16.887549
6720	1	1	4.22	1	0:00:17.114883
6740	9	9	4.22	1	0:00:16.953771
6760	0	0	4.22	1	0:00:17.069531
6780	4	4	4.22	1	0:00:17.170633
6800	2	2	4.22	1	0:00:16.754681
6820	2	2	4.22	1	0:00:16.754319
6840	3	3	4.22	1	0:00:16.754289
6860	5	5	4.1	1	0:00:16.918520
6880	5	5	3.76	1	0:00:17.270922
6900	6	6	4.1	1	0:00:17.160120
6920	2	2	4.22	1	0:00:17.298323
6940	3	3	3.07	1	0:00:16.997442
6960	7	7	4.15	1	0:00:17.046065
6980	9	9	4.22	1	0:00:16.204461
7000	1	1	4.22	1	0:00:16.863155
7020	6	6	4.22	1	0:00:17.037365
7040	3	3	3.89	1	0:00:17.147682
7060	8	8	3.94	1	0:00:16.901244
7080	8	8	4.22	1	0:00:17.438572
7100	2	2	4.15	1	0:00:17.657126
7120	2	2	4.22	1	0:00:17.255615
7140	3	3	4.22	1	0:00:17.114561
7160	5	5	4.22	1	0:00:17.103207
7180	7	7	4.22	1	0:00:17.686619
7200	8	8	3.92	1	0:00:16.696645
7220	8	8	4.22	1	0:00:17.246424
7240	5	5	2.64	1	0:00:16.758411
7260	7	7	4.0	1	0:00:17.152580
7280	1	1	4.22	1	0:00:17.095711
7300	7	7	2.66	1	0:00:16.948301
7320	7	7	3.08	1	0:00:17.265753
7340	1	1	4.22	1	0:00:16.887323
7360	9	9	4.22	1	0:00:16.882038
7380	9	9	4.22	1	0:00:16.504507
7400	2	2	4.22	1	0:00:15.764684
7420	2	2	3.89	1	0:00:16.248798
7440	0	0	3.94	1	0:00:16.019428
7460	7	7	4.22	1	0:00:15.949445
7480	1	1	4.22	1	0:00:15.859484
7500	8	8	4.06	1	0:00:15.938112
7520	4	4	4.22	1	0:00:15.676789
7540	6	6	4.22	1	0:00:15.885265
7560	4	4	4.22	1	0:00:16.003440
7580	9	9	1.4	1	0:00:15.882323
7600	1	1	4.22	1	0:00:16.027474
7620	3	3	4.1	1	0:00:15.728790
7640	9	9	4.22	1	0:00:15.625609
7660	8	8	4.1	1	0:00:16.078354
7680	9	9	4.22	1	0:00:15.650654
7700	9	9	4.22	1	0:00:16.045536
7720	8	8	3.85	1	0:00:15.817736
7740	3	3	4.22	1	0:00:15.862956
7760	7	7	3.28	1	0:00:16.070255
7780	0	0	4.22	1	0:00:15.584763
7800	3	3	2.54	1	0:00:16.043794
7820	0	0	4.22	1	0:00:16.026347
7840	2	2	4.1	1	0:00:15.477792
7860	6	6	4.15	1	0:00:15.600793
7880	6	6	4.22	1	0:00:16.260851
7900	1	1	3.96	1	0:00:15.540509
7920	1	1	4.1	1	0:00:15.509556
7940	7	7	4.22	1	0:00:15.613264
7960	7	7	4.22	1	0:00:15.532598
7980	1	1	4.22	1	0:00:15.938800
8000	4	4	4.22	1	0:00:15.942958
8020	1	1	3.14	1	0:00:15.655969
8040	6	6	4.22	1	0:00:15.996958
8060	3	3	3.5	1	0:00:15.581359
8080	3	3	3.98	1	0:00:16.021990
8100	1	1	4.22	1	0:00:15.931329
8120	3	3	2.91	1	0:00:15.883811
8140	3	3	3.98	1	0:00:16.266552
8160	5	5	2.22	1	0:00:16.020168
8180	5	5	3.67	1	0:00:15.886863
8200	6	6	4.22	1	0:00:16.097607
8220	4	4	4.22	1	0:00:16.079596
8240	6	6	4.22	1	0:00:15.791406
8260	0	0	3.69	1	0:00:16.074568
8280	4	4	4.1	1	0:00:15.145303
8300	8	8	4.22	1	0:00:15.984844
8320	2	2	4.15	1	0:00:15.680397
8340	1	1	4.22	1	0:00:15.705623
8360	1	1	4.22	1	0:00:15.830067
8380	6	6	4.22	1	0:00:15.407629
8400	4	4	4.22	1	0:00:15.933930
8420	1	1	4.22	1	0:00:15.598903
8440	8	8	4.06	1	0:00:15.726418
8460	2	2	4.22	1	0:00:15.305345
8480	7	7	4.22	1	0:00:15.255741
8500	4	4	4.22	1	0:00:15.148928
8520	4	4	2.91	1	0:00:15.330400
8540	1	1	4.22	1	0:00:14.815036
8560	2	2	4.22	1	0:00:14.803990
8580	6	6	4.15	1	0:00:15.085554
8600	1	1	4.22	1	0:00:15.456185
8620	7	7	3.8	1	0:00:14.697445
8640	9	9	4.22	1	0:00:14.739243
8660	3	3	4.22	1	0:00:15.360362
8680	9	9	4.22	1	0:00:15.255183
8700	9	9	4.22	1	0:00:14.889030
8720	1	1	4.22	1	0:00:15.212274
8740	1	1	4.22	1	0:00:14.952454
8760	6	6	4.22	1	0:00:14.878098
8780	3	3	4.22	1	0:00:15.283433
8800	2	2	4.22	1	0:00:14.863232
8820	2	2	4.15	1	0:00:15.091615
8840	3	3	3.46	1	0:00:15.334541
8860	3	3	4.22	1	0:00:15.291156
8880	2	2	4.15	1	0:00:15.452889
8900	9	9	4.22	1	0:00:15.258117
8920	9	9	4.22	1	0:00:15.087773
8940	5	5	4.1	1	0:00:15.264776
8960	4	4	4.22	1	0:00:14.788090
8980	1	1	4.22	1	0:00:15.163322
9000	7	7	4.1	1	0:00:15.634061
9020	8	8	4.22	1	0:00:15.303456
9040	6	6	4.15	1	0:00:15.415989
9060	0	0	4.22	1	0:00:15.219799
9080	0	0	4.22	1	0:00:15.029504
9100	3	3	4.22	1	0:00:14.817464
9120	1	1	4.22	1	0:00:15.129245
9140	1	1	4.22	1	0:00:15.060778
9160	5	5	4.1	1	0:00:15.277386
9180	1	1	4.22	1	0:00:15.273208
9200	1	1	4.22	1	0:00:15.454224
9220	0	0	4.22	1	0:00:15.018846
9240	6	6	4.22	1	0:00:15.217596
9260	5	5	3.73	1	0:00:15.710659
9280	8	5	0.383	0	0:00:15.210191
9300	7	7	4.22	1	0:00:15.090154
9320	4	4	4.22	1	0:00:15.399577
9340	7	7	4.22	1	0:00:15.289077
9360	5	5	4.22	1	0:00:15.098075
9380	3	3	4.22	1	0:00:14.858766
9400	5	5	3.8	1	0:00:15.168213
9420	8	8	4.15	1	0:00:15.022405
9440	0	0	4.22	1	0:00:15.088856
9460	3	3	4.22	1	0:00:15.093511
9480	2	2	4.22	1	0:00:15.575464
9500	2	2	4.1	1	0:00:14.895555
9520	1	1	4.22	1	0:00:15.392203
9540	1	1	4.22	1	0:00:15.154891
9560	7	7	3.59	1	0:00:14.796122
9580	9	9	4.22	1	0:00:15.291747
9600	5	5	3.25	1	0:00:15.498067
9620	9	9	4.22	1	0:00:15.098285
9640	7	7	4.22	1	0:00:15.438947
9660	7	7	4.22	1	0:00:14.971693
9680	3	3	4.22	1	0:00:15.271228
9700	2	2	2.73	1	0:00:15.191178
9720	6	6	4.22	1	0:00:14.993168
9740	9	9	4.22	1	0:00:15.429308
9760	1	1	4.22	1	0:00:15.224451
9780	8	8	4.06	1	0:00:15.370628
9800	0	0	3.94	1	0:00:15.255296
9820	2	2	4.22	1	0:00:15.279797
9840	3	3	3.2	1	0:00:15.370231
9860	3	3	4.22	1	0:00:14.902049
9880	2	2	4.22	1	0:00:15.381350
9900	8	8	3.56	1	0:00:15.092867
9920	8	8	4.22	1	0:00:15.203003
9940	6	6	4.22	1	0:00:15.594218
9960	4	4	4.22	1	0:00:15.489630
9980	2	2	3.85	1	0:00:15.202950
