idx	label	predict	radius	correct	time
0	7	7	9.43	1	0:00:17.442441
20	9	9	2.46	1	0:00:17.607046
40	1	1	9.43	1	0:00:19.149902
60	7	7	8.56	1	0:00:19.270126
80	7	-1	0.0	0	0:00:18.750721
100	6	6	6.78	1	0:00:19.277145
120	5	5	4.47	1	0:00:19.126900
140	6	6	8.13	1	0:00:19.305963
160	4	4	4.69	1	0:00:18.705291
180	1	1	9.43	1	0:00:18.889695
200	3	3	6.86	1	0:00:19.629603
220	7	7	9.01	1	0:00:18.848531
240	5	5	5.6	1	0:00:17.290668
260	8	8	3.19	1	0:00:17.480705
280	2	2	8.81	1	0:00:17.226187
300	4	4	3.89	1	0:00:17.421735
320	9	7	2.24	0	0:00:17.587818
340	5	3	8.4	0	0:00:17.367834
360	4	4	9.43	1	0:00:16.945227
380	0	0	5.95	1	0:00:17.882283
400	2	2	6.91	1	0:00:17.356596
420	4	4	9.17	1	0:00:18.109794
440	0	0	9.08	1	0:00:17.417079
460	5	5	3.53	1	0:00:17.453394
480	1	1	9.43	1	0:00:17.406526
500	3	3	8.52	1	0:00:17.177309
520	8	8	3.84	1	0:00:18.278347
540	5	5	9.43	1	0:00:17.531841
560	9	9	7.13	1	0:00:17.517543
580	8	8	9.43	1	0:00:17.726670
600	6	6	9.43	1	0:00:17.509656
620	0	0	7.2	1	0:00:17.629000
640	1	1	6.43	1	0:00:17.652552
660	4	4	8.67	1	0:00:17.068971
680	6	6	8.14	1	0:00:17.788247
700	1	1	6.23	1	0:00:17.272051
720	5	5	1.2	1	0:00:17.549360
740	4	9	8.23	0	0:00:17.163580
760	4	4	3.03	1	0:00:17.859691
780	3	3	9.43	1	0:00:17.576277
800	8	8	4.34	1	0:00:17.317201
820	6	6	8.52	1	0:00:17.448879
840	1	1	8.96	1	0:00:18.373893
860	6	6	8.25	1	0:00:17.363938
880	7	7	8.77	1	0:00:18.507833
900	1	1	3.19	1	0:00:17.617503
920	1	1	9.43	1	0:00:17.346038
940	6	6	8.38	1	0:00:17.408719
960	7	9	2.22	0	0:00:16.846013
980	2	2	8.31	1	0:00:17.397305
1000	9	9	7.64	1	0:00:17.447913
1020	3	3	8.47	1	0:00:17.520352
1040	1	1	9.43	1	0:00:16.384798
1060	4	4	7.7	1	0:00:16.915519
1080	4	4	8.45	1	0:00:17.515223
1100	7	7	6.36	1	0:00:16.528889
1120	8	8	5.89	1	0:00:17.013916
1140	4	4	9.43	1	0:00:17.319246
1160	4	4	9.43	1	0:00:17.151906
1180	1	1	7.5	1	0:00:17.260635
1200	8	8	4.06	1	0:00:16.767029
1220	0	0	6.3	1	0:00:17.494271
1240	1	1	7.77	1	0:00:16.722871
1260	7	7	9.43	1	0:00:16.840290
1280	1	1	9.43	1	0:00:17.231506
1300	4	4	7.38	1	0:00:16.726130
1320	8	8	1.29	1	0:00:16.905557
1340	5	5	9.43	1	0:00:17.024620
1360	1	1	9.43	1	0:00:16.743636
1380	9	9	7.06	1	0:00:17.059654
1400	6	6	7.35	1	0:00:17.414788
1420	6	6	6.41	1	0:00:16.033164
1440	4	-1	0.0	0	0:00:17.427660
1460	5	5	7.42	1	0:00:17.150916
1480	3	3	7.34	1	0:00:16.463447
1500	7	1	3.38	0	0:00:17.194729
1520	7	7	7.85	1	0:00:16.894866
1540	7	7	7.26	1	0:00:16.993291
1560	8	8	9.01	1	0:00:17.922381
1580	4	4	9.01	1	0:00:16.984189
1600	3	3	9.08	1	0:00:16.809347
1620	2	2	1.66	1	0:00:16.914582
1640	9	9	2.17	1	0:00:16.631415
1660	7	7	9.43	1	0:00:17.952045
1680	4	4	9.43	1	0:00:18.269371
1700	0	0	8.1	1	0:00:16.764104
1720	4	4	8.25	1	0:00:16.271034
1740	8	8	9.27	1	0:00:16.304302
1760	1	1	6.72	1	0:00:17.249499
1780	1	1	9.43	1	0:00:17.445395
1800	6	6	6.13	1	0:00:16.493495
1820	1	1	9.43	1	0:00:16.805713
1840	3	3	9.27	1	0:00:16.811705
1860	5	5	4.67	1	0:00:18.231628
1880	6	6	6.66	1	0:00:17.253910
1900	1	1	5.87	1	0:00:15.690147
1920	4	4	9.43	1	0:00:16.249977
1940	5	5	9.43	1	0:00:17.188997
1960	8	8	7.06	1	0:00:17.859185
1980	4	4	8.62	1	0:00:18.290503
2000	6	6	5.01	1	0:00:17.638948
2020	3	3	6.49	1	0:00:17.251810
2040	5	4	3.52	0	0:00:18.329557
2060	0	0	6.17	1	0:00:18.201709
2080	3	3	9.01	1	0:00:17.582371
2100	5	5	5.48	1	0:00:18.964334
2120	4	4	5.15	1	0:00:18.420556
2140	6	6	7.48	1	0:00:17.985387
2160	6	6	9.43	1	0:00:18.453928
2180	5	5	5.76	1	0:00:17.249032
2200	2	2	7.23	1	0:00:16.868435
2220	7	7	8.77	1	0:00:17.641408
2240	7	7	9.43	1	0:00:16.840033
2260	2	2	7.37	1	0:00:16.913512
2280	3	3	4.9	1	0:00:17.393436
2300	3	3	6.64	1	0:00:16.551593
2320	9	9	6.74	1	0:00:16.851495
2340	4	4	8.21	1	0:00:16.780615
2360	6	6	9.08	1	0:00:17.975757
2380	9	9	7.58	1	0:00:17.154790
2400	5	5	6.22	1	0:00:17.422119
2420	9	9	5.88	1	0:00:17.147581
2440	4	4	8.96	1	0:00:17.256410
2460	5	5	2.14	1	0:00:17.967789
2480	7	7	6.05	1	0:00:17.226451
2500	2	2	1.69	1	0:00:17.470712
2520	8	8	7.13	1	0:00:17.395940
2540	5	5	6.15	1	0:00:17.388664
2560	3	3	3.1	1	0:00:17.559744
2580	6	6	9.43	1	0:00:16.575264
2600	8	8	9.43	1	0:00:16.485765
2620	6	6	7.15	1	0:00:16.869017
2640	8	8	5.49	1	0:00:17.438932
2660	0	0	5.66	1	0:00:16.902508
2680	4	4	9.43	1	0:00:17.674790
2700	7	7	9.43	1	0:00:17.029992
2720	9	9	8.43	1	0:00:16.984466
2740	9	9	6.24	1	0:00:17.617674
2760	9	9	1.62	1	0:00:16.894539
2780	2	3	2.49	0	0:00:17.562844
2800	8	8	3.03	1	0:00:17.064360
2820	7	7	4.82	1	0:00:17.267831
2840	3	3	0.421	1	0:00:17.361190
2860	6	6	6.77	1	0:00:17.130086
2880	1	1	9.43	1	0:00:16.899731
2900	4	4	8.3	1	0:00:17.575919
2920	6	6	6.17	1	0:00:17.262259
2940	2	2	2.05	1	0:00:16.705651
2960	8	8	9.43	1	0:00:17.551898
2980	6	6	7.69	1	0:00:17.229831
3000	6	6	9.43	1	0:00:17.332114
3020	0	0	7.53	1	0:00:17.100510
3040	7	7	9.43	1	0:00:17.347216
3060	9	7	5.46	0	0:00:17.143843
3080	3	3	8.96	1	0:00:17.927568
3100	5	5	3.11	1	0:00:17.509773
3120	3	3	9.43	1	0:00:17.290601
3140	0	0	7.17	1	0:00:16.642490
3160	9	4	1.07	0	0:00:17.287502
3180	2	2	8.9	1	0:00:16.898688
3200	9	9	7.72	1	0:00:17.728167
3220	5	5	6.95	1	0:00:16.984396
3240	9	9	2.33	1	0:00:17.617640
3260	2	2	1.97	1	0:00:17.231067
3280	2	2	3.24	1	0:00:16.887918
3300	3	3	4.73	1	0:00:17.497918
3320	1	1	9.43	1	0:00:16.764256
3340	8	8	7.33	1	0:00:16.721109
3360	7	7	5.9	1	0:00:17.693466
3380	1	1	9.43	1	0:00:17.150602
3400	7	7	9.43	1	0:00:17.585155
3420	1	1	9.43	1	0:00:17.634786
3440	8	8	5.23	1	0:00:17.418347
3460	9	9	2.11	1	0:00:17.306748
3480	1	1	7.46	1	0:00:17.784655
3500	4	4	9.43	1	0:00:18.110472
3520	6	4	9.27	0	0:00:16.647826
3540	0	0	4.98	1	0:00:18.864156
3560	6	6	7.16	1	0:00:19.673734
3580	7	7	7.38	1	0:00:17.714686
3600	2	2	4.87	1	0:00:19.189230
3620	3	3	9.17	1	0:00:18.604886
3640	0	0	4.48	1	0:00:19.287607
3660	0	0	8.27	1	0:00:19.455111
3680	0	0	8.27	1	0:00:21.673071
3700	4	4	9.43	1	0:00:20.180271
3720	7	7	8.47	1	0:00:19.176083
3740	3	3	9.08	1	0:00:20.298859
3760	9	9	7.07	1	0:00:19.824875
3780	4	6	2.59	0	0:00:19.526885
3800	6	6	6.7	1	0:00:19.471457
3820	9	9	7.41	1	0:00:19.935232
3840	9	9	7.97	1	0:00:19.650165
3860	5	5	6.44	1	0:00:19.227633
3880	8	8	6.82	1	0:00:20.309444
3900	1	1	9.43	1	0:00:18.331094
3920	7	7	6.73	1	0:00:19.292389
3940	0	0	5.79	1	0:00:19.530423
3960	5	5	9.43	1	0:00:18.885896
3980	0	0	8.54	1	0:00:19.341843
4000	9	9	1.26	1	0:00:18.339959
4020	8	8	9.43	1	0:00:18.789707
4040	9	9	7.29	1	0:00:18.415014
4060	4	4	9.43	1	0:00:19.232599
4080	0	0	7.32	1	0:00:18.919759
4100	2	2	4.45	1	0:00:18.289675
4120	3	3	6.26	1	0:00:19.574808
4140	8	8	2.02	1	0:00:18.736381
4160	6	6	8.77	1	0:00:18.549888
4180	2	3	1.18	0	0:00:19.449665
4200	7	7	9.43	1	0:00:18.563693
4220	3	3	7.8	1	0:00:18.540020
4240	9	9	8.35	1	0:00:19.266149
4260	2	2	7.93	1	0:00:18.244271
4280	9	9	7.98	1	0:00:19.192894
4300	5	8	3.54	0	0:00:18.554600
4320	0	0	8.5	1	0:00:19.230704
4340	5	5	4.95	1	0:00:18.644050
4360	5	8	3.48	0	0:00:19.120179
4380	8	5	2.92	0	0:00:19.165895
4400	7	4	2.99	0	0:00:18.839843
4420	5	5	5.69	1	0:00:18.799152
4440	5	5	5.66	1	0:00:19.252695
4460	7	7	9.43	1	0:00:18.953456
4480	9	9	4.82	1	0:00:18.720659
4500	9	9	2.94	1	0:00:18.549151
4520	5	5	6.03	1	0:00:19.330857
4540	7	7	3.49	1	0:00:19.328833
4560	9	9	4.46	1	0:00:19.010203
4580	1	1	9.43	1	0:00:18.229418
4600	3	3	7.7	1	0:00:18.910479
4620	6	6	6.56	1	0:00:19.222315
4640	8	8	5.51	1	0:00:18.844049
4660	7	7	3.33	1	0:00:18.565586
4680	6	6	7.48	1	0:00:18.792527
4700	9	9	8.21	1	0:00:18.978642
4720	0	0	7.61	1	0:00:18.975482
4740	3	9	2.44	0	0:00:19.551105
4760	7	7	9.43	1	0:00:18.858615
4780	0	0	7.2	1	0:00:19.267854
4800	7	7	9.43	1	0:00:19.105916
4820	8	8	8.14	1	0:00:19.450120
4840	9	9	7.74	1	0:00:19.754449
4860	4	4	7.41	1	0:00:18.225800
4880	0	5	5.02	0	0:00:19.356330
4900	7	7	9.43	1	0:00:19.304677
4920	2	2	7.05	1	0:00:19.421500
4940	3	3	9.17	1	0:00:19.109930
4960	8	8	9.43	1	0:00:18.854493
4980	6	6	9.43	1	0:00:19.158643
5000	3	3	9.08	1	0:00:19.213161
5020	5	5	4.23	1	0:00:19.163213
5040	7	7	9.43	1	0:00:18.982283
5060	9	9	6.4	1	0:00:19.105726
5080	9	9	7.3	1	0:00:19.074012
5100	9	9	7.19	1	0:00:19.045058
5120	2	2	1.98	1	0:00:19.188836
5140	3	3	1.06	1	0:00:19.030248
5160	5	5	9.43	1	0:00:18.844647
5180	7	7	9.43	1	0:00:19.647259
5200	4	4	5.64	1	0:00:19.135704
5220	9	9	7.45	1	0:00:19.042898
5240	7	7	9.43	1	0:00:19.593470
5260	4	4	7.34	1	0:00:19.236188
5280	0	0	6.36	1	0:00:19.830547
5300	8	8	8.42	1	0:00:19.684506
5320	0	0	6.28	1	0:00:19.620096
5340	2	2	8.1	1	0:00:19.748162
5360	8	8	6.76	1	0:00:18.898229
5380	8	8	8.9	1	0:00:18.643415
5400	5	5	6.35	1	0:00:18.050395
5420	5	5	5.87	1	0:00:18.007682
5440	4	4	4.54	1	0:00:18.135101
5460	1	1	9.43	1	0:00:18.057182
5480	5	5	9.43	1	0:00:17.666264
5500	4	4	9.01	1	0:00:17.705389
5520	1	1	8.96	1	0:00:18.342417
5540	7	7	8.81	1	0:00:18.017457
5560	7	7	6.3	1	0:00:18.532651
5580	9	9	8.15	1	0:00:18.159916
5600	7	9	5.88	0	0:00:17.777146
5620	7	9	3.24	0	0:00:17.963946
5640	7	7	7.3	1	0:00:17.762704
5660	6	6	9.27	1	0:00:18.602428
5680	8	8	8.15	1	0:00:18.470086
5700	3	3	8.86	1	0:00:17.617627
5720	4	4	5.66	1	0:00:18.180352
5740	3	3	9.27	1	0:00:17.795023
5760	3	3	9.43	1	0:00:18.419060
5780	3	3	8.81	1	0:00:17.916684
5800	9	9	8.33	1	0:00:18.251811
5820	2	2	8.23	1	0:00:17.830666
5840	2	2	7.54	1	0:00:18.039793
5860	3	3	8.77	1	0:00:18.458239
5880	1	1	9.43	1	0:00:17.984469
5900	4	4	9.43	1	0:00:18.301128
5920	6	6	9.43	1	0:00:18.167685
5940	8	8	9.43	1	0:00:18.221591
5960	8	8	9.43	1	0:00:18.033351
5980	0	0	5.88	1	0:00:17.228518
6000	9	9	8.2	1	0:00:18.190140
6020	6	6	6.86	1	0:00:17.538207
6040	0	0	5.21	1	0:00:16.751750
6060	1	1	6.71	1	0:00:17.766579
6080	8	8	8.74	1	0:00:17.118754
6100	4	4	7.74	1	0:00:17.892887
6120	5	5	3.54	1	0:00:17.374207
6140	0	0	9.27	1	0:00:17.634307
6160	3	8	2.47	0	0:00:17.468982
6180	2	2	5.84	1	0:00:18.380649
6200	9	9	7.35	1	0:00:17.186435
6220	4	4	9.43	1	0:00:17.733783
6240	2	2	3.7	1	0:00:17.798850
6260	3	3	8.16	1	0:00:17.936140
6280	0	0	7.39	1	0:00:17.712859
6300	4	4	9.27	1	0:00:17.689520
6320	1	1	9.43	1	0:00:17.551473
6340	2	2	9.27	1	0:00:16.978778
6360	7	7	7.35	1	0:00:17.269899
6380	7	7	9.43	1	0:00:17.263166
6400	0	6	3.45	0	0:00:16.931472
6420	9	9	8.35	1	0:00:17.162257
6440	3	3	8.33	1	0:00:17.254414
6460	4	4	6.04	1	0:00:17.864088
6480	2	2	2.61	1	0:00:17.146811
6500	5	5	9.43	1	0:00:16.943365
6520	9	9	7.61	1	0:00:17.602587
6540	1	1	9.43	1	0:00:17.551720
6560	9	5	2.3	0	0:00:16.894745
6580	0	0	8.45	1	0:00:17.766096
6600	5	5	5.7	1	0:00:17.635629
6620	5	5	5.47	1	0:00:17.445977
6640	7	7	9.43	1	0:00:17.750576
6660	4	4	9.43	1	0:00:17.567875
6680	1	1	9.43	1	0:00:17.851801
6700	4	4	9.43	1	0:00:16.927630
6720	1	1	8.31	1	0:00:17.042315
6740	9	9	4.3	1	0:00:17.771668
6760	0	0	8.45	1	0:00:17.743496
6780	4	4	9.17	1	0:00:17.637737
6800	2	2	7.52	1	0:00:18.174878
6820	2	2	9.43	1	0:00:17.877175
6840	3	3	9.27	1	0:00:17.608927
6860	5	5	6.6	1	0:00:17.482109
6880	5	5	6.15	1	0:00:17.384487
6900	6	6	8.86	1	0:00:17.446182
6920	2	2	8.42	1	0:00:17.397804
6940	3	3	5.96	1	0:00:17.589679
6960	7	7	8.9	1	0:00:17.611847
6980	9	9	7.15	1	0:00:17.275506
7000	1	1	9.43	1	0:00:17.556906
7020	6	6	6.35	1	0:00:17.010171
7040	3	3	7.51	1	0:00:17.534127
7060	8	8	8.59	1	0:00:17.335807
7080	8	8	9.43	1	0:00:17.590974
7100	2	2	5.97	1	0:00:17.036327
7120	2	2	5.21	1	0:00:17.161331
7140	3	3	9.08	1	0:00:17.300986
7160	5	5	5.58	1	0:00:17.856755
7180	7	7	9.43	1	0:00:17.793347
7200	8	8	8.96	1	0:00:17.366562
7220	8	8	1.84	1	0:00:17.405830
7240	5	5	5.67	1	0:00:17.289017
7260	7	7	9.27	1	0:00:15.989790
7280	1	1	9.43	1	0:00:16.466799
7300	7	7	9.43	1	0:00:16.646653
7320	7	7	4.05	1	0:00:16.649653
7340	1	1	9.43	1	0:00:16.673954
7360	9	9	7.97	1	0:00:16.469474
7380	9	9	8.12	1	0:00:16.289083
7400	2	2	7.59	1	0:00:16.832700
7420	2	2	5.55	1	0:00:16.999825
7440	0	0	6.02	1	0:00:16.520312
7460	7	7	9.43	1	0:00:16.152086
7480	1	1	9.43	1	0:00:16.200905
7500	8	8	8.64	1	0:00:17.201937
7520	4	4	9.43	1	0:00:16.758296
7540	6	6	7.34	1	0:00:16.593719
7560	4	4	9.43	1	0:00:16.484651
7580	9	9	6.5	1	0:00:17.014775
7600	1	1	9.43	1	0:00:16.841375
7620	3	3	3.1	1	0:00:16.524720
7640	9	9	8.23	1	0:00:16.451388
7660	8	8	7.85	1	0:00:16.964364
7680	9	9	7.99	1	0:00:16.640104
7700	9	9	7.09	1	0:00:15.800704
7720	8	8	7.13	1	0:00:17.019669
7740	3	3	8.9	1	0:00:16.225540
7760	7	7	4.43	1	0:00:16.841893
7780	0	0	9.17	1	0:00:16.629868
7800	3	3	2.47	1	0:00:16.625176
7820	0	0	8.03	1	0:00:16.862847
7840	2	2	4.4	1	0:00:16.859395
7860	6	6	6.86	1	0:00:16.375010
7880	6	6	7.62	1	0:00:16.653571
7900	1	1	3.12	1	0:00:16.955583
7920	1	1	3.33	1	0:00:16.933326
7940	7	7	9.27	1	0:00:16.973865
7960	7	7	7.7	1	0:00:16.538758
7980	1	1	8.25	1	0:00:16.781617
8000	4	4	8.28	1	0:00:17.259912
8020	1	8	4.27	0	0:00:16.982253
8040	6	6	7.06	1	0:00:17.106361
8060	3	3	9.08	1	0:00:16.463750
8080	3	3	8.31	1	0:00:16.687885
8100	1	1	7.66	1	0:00:16.023980
8120	3	3	1.71	1	0:00:16.363143
8140	3	3	7.39	1	0:00:16.946070
8160	5	5	4.21	1	0:00:16.650354
8180	5	5	5.02	1	0:00:16.596307
8200	6	6	7.14	1	0:00:16.463605
8220	4	4	9.43	1	0:00:16.763759
8240	6	6	9.27	1	0:00:16.693005
8260	0	0	6.28	1	0:00:16.067943
8280	4	4	9.27	1	0:00:15.267810
8300	8	8	9.43	1	0:00:15.067679
8320	2	2	5.28	1	0:00:15.714422
8340	1	1	9.43	1	0:00:15.347780
8360	1	1	8.67	1	0:00:14.819496
8380	6	6	9.17	1	0:00:15.542864
8400	4	4	9.43	1	0:00:15.018909
8420	1	1	9.43	1	0:00:15.889597
8440	8	8	4.71	1	0:00:14.940499
8460	2	2	9.01	1	0:00:15.694155
8480	7	7	7.86	1	0:00:14.920106
8500	4	4	7.77	1	0:00:15.180759
8520	4	9	8.06	0	0:00:15.103514
8540	1	1	6.97	1	0:00:15.395280
8560	2	2	7.6	1	0:00:15.339537
8580	6	6	7.59	1	0:00:15.809409
8600	1	1	9.43	1	0:00:15.231326
8620	7	7	9.43	1	0:00:15.416799
8640	9	9	7.29	1	0:00:15.516841
8660	3	3	8.25	1	0:00:15.369182
8680	9	9	8.09	1	0:00:15.978477
8700	9	9	7.74	1	0:00:14.639743
8720	1	1	9.43	1	0:00:15.445417
8740	1	1	9.43	1	0:00:15.353161
8760	6	6	7.97	1	0:00:15.266175
8780	3	3	7.19	1	0:00:15.249986
8800	2	2	7.77	1	0:00:16.053605
8820	2	2	6.38	1	0:00:16.084966
8840	3	3	6.6	1	0:00:15.876187
8860	3	3	7.15	1	0:00:16.037600
8880	2	2	7.13	1	0:00:15.396151
8900	9	9	8.03	1	0:00:15.091852
8920	9	9	7.31	1	0:00:15.149509
8940	5	5	9.43	1	0:00:15.591444
8960	4	4	9.17	1	0:00:15.424134
8980	1	1	9.43	1	0:00:15.839810
9000	7	7	9.43	1	0:00:15.620024
9020	8	8	9.43	1	0:00:15.051811
9040	6	6	6.95	1	0:00:15.731169
9060	0	0	8.47	1	0:00:15.515718
9080	0	0	8.96	1	0:00:16.120182
9100	3	3	8.52	1	0:00:15.198104
9120	1	1	9.43	1	0:00:15.367046
9140	1	1	9.17	1	0:00:16.132202
9160	5	5	8.38	1	0:00:15.852127
9180	1	1	9.27	1	0:00:15.080716
9200	1	1	7.6	1	0:00:15.576544
9220	0	0	8.86	1	0:00:15.206255
9240	6	6	7.76	1	0:00:15.467654
9260	5	5	6.32	1	0:00:15.234886
9280	8	5	6.57	0	0:00:15.363315
9300	7	7	9.43	1	0:00:15.523300
9320	4	4	9.43	1	0:00:15.343317
9340	7	7	9.43	1	0:00:15.165678
9360	5	5	7.26	1	0:00:15.177626
9380	3	3	7.49	1	0:00:15.206119
9400	5	5	5.2	1	0:00:15.606216
9420	8	8	9.17	1	0:00:15.721574
9440	0	0	8.59	1	0:00:16.223981
9460	3	3	8.05	1	0:00:15.725430
9480	2	2	8.38	1	0:00:15.539855
9500	2	3	0.646	0	0:00:15.171758
9520	1	1	9.43	1	0:00:15.733183
9540	1	1	9.43	1	0:00:15.170651
9560	7	7	7.49	1	0:00:15.591867
9580	9	9	5.06	1	0:00:15.680403
9600	5	5	5.61	1	0:00:15.406913
9620	9	9	7.41	1	0:00:15.380530
9640	7	7	9.43	1	0:00:15.130207
9660	7	7	8.67	1	0:00:15.463472
9680	3	3	1.39	1	0:00:15.447666
9700	2	8	1.25	0	0:00:16.208325
9720	6	6	8.24	1	0:00:15.976822
9740	9	9	7.25	1	0:00:15.725732
9760	1	1	9.43	1	0:00:15.388836
9780	8	8	4.28	1	0:00:14.993065
9800	0	0	6.9	1	0:00:13.996210
9820	2	2	5.13	1	0:00:14.498677
9840	3	3	7.42	1	0:00:14.130836
9860	3	3	9.08	1	0:00:14.443612
9880	2	2	5.11	1	0:00:14.702812
9900	8	8	4.31	1	0:00:14.451025
9920	8	8	9.27	1	0:00:14.341028
9940	6	6	9.43	1	0:00:14.651233
9960	4	4	6.23	1	0:00:14.095693
9980	2	3	3.19	0	0:00:14.928975
