idx	label	predict	radius	correct	time
0	7	7	38.1	1	0:00:17.828800
20	9	9	29.4	1	0:00:17.588076
40	1	1	38.1	1	0:00:16.991701
60	7	7	38.1	1	0:00:17.586454
80	7	7	38.1	1	0:00:17.272930
100	6	6	38.1	1	0:00:17.497473
120	5	5	38.1	1	0:00:17.154815
140	6	6	38.1	1	0:00:17.930404
160	4	4	20.4	1	0:00:17.588692
180	1	1	38.1	1	0:00:17.963566
200	3	3	26.1	1	0:00:17.817151
220	7	7	27.6	1	0:00:17.308274
240	5	5	38.1	1	0:00:17.526726
260	8	8	38.1	1	0:00:18.370954
280	2	2	38.1	1	0:00:17.737598
300	4	4	38.1	1	0:00:17.866015
320	9	9	12.6	1	0:00:17.598975
340	5	5	20.7	1	0:00:17.580333
360	4	4	38.1	1	0:00:17.418750
380	0	0	22.8	1	0:00:17.730368
400	2	2	26.1	1	0:00:18.902065
420	4	4	38.1	1	0:00:18.647806
440	0	0	38.1	1	0:00:18.836769
460	5	5	30.4	1	0:00:19.004606
480	1	1	38.1	1	0:00:18.595463
500	3	3	38.1	1	0:00:18.933955
520	8	8	38.1	1	0:00:18.808918
540	5	5	38.1	1	0:00:18.566060
560	9	9	38.1	1	0:00:18.938248
580	8	8	38.1	1	0:00:18.731697
600	6	6	38.1	1	0:00:19.276011
620	0	0	38.1	1	0:00:18.196085
640	1	1	38.1	1	0:00:17.541685
660	4	4	38.1	1	0:00:17.199849
680	6	6	38.1	1	0:00:17.813582
700	1	1	38.1	1	0:00:17.945075
720	5	5	11.6	1	0:00:18.487899
740	4	4	13.1	1	0:00:18.728333
760	4	4	38.1	1	0:00:17.655391
780	3	3	24.1	1	0:00:16.941606
800	8	8	38.1	1	0:00:18.286282
820	6	6	38.1	1	0:00:17.893416
840	1	1	38.1	1	0:00:17.742559
860	6	6	38.1	1	0:00:17.314472
880	7	7	38.1	1	0:00:16.868295
900	1	1	38.1	1	0:00:18.006686
920	1	1	38.1	1	0:00:18.293354
940	6	6	21.1	1	0:00:17.302775
960	7	7	38.1	1	0:00:18.097987
980	2	2	38.1	1	0:00:17.730183
1000	9	9	38.1	1	0:00:17.723252
1020	3	3	38.1	1	0:00:17.597603
1040	1	1	38.1	1	0:00:17.205985
1060	4	4	38.1	1	0:00:17.474945
1080	4	4	38.1	1	0:00:17.446886
1100	7	7	38.1	1	0:00:17.716763
1120	8	8	38.1	1	0:00:17.114681
1140	4	4	38.1	1	0:00:17.627921
1160	4	4	38.1	1	0:00:18.072804
1180	1	1	38.1	1	0:00:17.015151
1200	8	8	38.1	1	0:00:17.300260
1220	0	0	38.1	1	0:00:16.939398
1240	1	1	38.1	1	0:00:17.005944
1260	7	1	3.03	0	0:00:17.007436
1280	1	1	38.1	1	0:00:16.828799
1300	4	4	38.1	1	0:00:16.747134
1320	8	8	38.1	1	0:00:17.301090
1340	5	5	38.1	1	0:00:17.030383
1360	1	1	38.1	1	0:00:17.095001
1380	9	9	38.1	1	0:00:17.429398
1400	6	6	38.1	1	0:00:18.326757
1420	6	6	38.1	1	0:00:17.963389
1440	4	4	38.1	1	0:00:18.311218
1460	5	5	38.1	1	0:00:18.667959
1480	3	3	38.1	1	0:00:18.273819
1500	7	7	25.6	1	0:00:18.667164
1520	7	7	38.1	1	0:00:18.143337
1540	7	7	38.1	1	0:00:20.300233
1560	8	8	38.1	1	0:00:19.995506
1580	4	4	38.1	1	0:00:20.174620
1600	3	3	26.4	1	0:00:21.348145
1620	2	2	38.1	1	0:00:19.557247
1640	9	9	38.1	1	0:00:19.644413
1660	7	7	38.1	1	0:00:20.636325
1680	4	4	38.1	1	0:00:19.795907
1700	0	0	38.1	1	0:00:20.986226
1720	4	4	38.1	1	0:00:20.425764
1740	8	8	38.1	1	0:00:19.298992
1760	1	1	38.1	1	0:00:19.610878
1780	1	1	38.1	1	0:00:19.497630
1800	6	6	23.7	1	0:00:18.120416
1820	1	1	38.1	1	0:00:18.568224
1840	3	3	38.1	1	0:00:19.101013
1860	5	5	29.8	1	0:00:18.418800
1880	6	6	21.9	1	0:00:18.975809
1900	1	1	5.56	1	0:00:18.715102
1920	4	4	38.1	1	0:00:18.468768
1940	5	5	27.8	1	0:00:18.587493
1960	8	8	38.1	1	0:00:19.321127
1980	4	4	38.1	1	0:00:19.161810
2000	6	6	25.0	1	0:00:18.350519
2020	3	3	38.1	1	0:00:18.423822
2040	5	5	7.56	1	0:00:18.818653
2060	0	0	24.7	1	0:00:18.022250
2080	3	3	38.1	1	0:00:18.488406
2100	5	5	38.1	1	0:00:17.053454
2120	4	4	38.1	1	0:00:17.417139
2140	6	6	38.1	1	0:00:17.831789
2160	6	6	24.5	1	0:00:18.798176
2180	5	5	38.1	1	0:00:20.699341
2200	2	2	22.6	1	0:00:19.616261
2220	7	7	38.1	1	0:00:20.152309
2240	7	7	38.1	1	0:00:19.698538
2260	2	2	38.1	1	0:00:20.838878
2280	3	3	1.49	1	0:00:21.281075
2300	3	3	28.4	1	0:00:19.620565
2320	9	9	30.0	1	0:00:19.573754
2340	4	4	38.1	1	0:00:20.495666
2360	6	6	38.1	1	0:00:19.531752
2380	9	9	18.4	1	0:00:18.834982
2400	5	5	38.1	1	0:00:18.760929
2420	9	9	38.1	1	0:00:18.470823
2440	4	4	38.1	1	0:00:18.579199
2460	5	5	38.1	1	0:00:18.471416
2480	7	7	27.5	1	0:00:18.743778
2500	2	2	38.1	1	0:00:18.274673
2520	8	8	38.1	1	0:00:18.745241
2540	5	5	38.1	1	0:00:18.815442
2560	3	3	38.1	1	0:00:18.643276
2580	6	6	38.1	1	0:00:19.132305
2600	8	8	38.1	1	0:00:18.885044
2620	6	6	38.1	1	0:00:19.236388
2640	8	8	38.1	1	0:00:18.940620
2660	0	0	38.1	1	0:00:18.421328
2680	4	4	38.1	1	0:00:18.742853
2700	7	7	38.1	1	0:00:18.594805
2720	9	9	20.3	1	0:00:18.476843
2740	9	9	38.1	1	0:00:19.457225
2760	9	9	9.17	1	0:00:19.161764
2780	2	2	14.1	1	0:00:18.672820
2800	8	8	25.5	1	0:00:18.654118
2820	7	7	38.1	1	0:00:19.181402
2840	3	3	38.1	1	0:00:18.999768
2860	6	6	18.6	1	0:00:18.826324
2880	1	1	38.1	1	0:00:19.015124
2900	4	4	38.1	1	0:00:19.467973
2920	6	6	38.1	1	0:00:18.473442
2940	2	2	38.1	1	0:00:18.735839
2960	8	8	38.1	1	0:00:18.604108
2980	6	6	38.1	1	0:00:18.655409
3000	6	6	38.1	1	0:00:18.969486
3020	0	0	38.1	1	0:00:19.052899
3040	7	7	38.1	1	0:00:18.502622
3060	9	-1	0.0	0	0:00:18.529116
3080	3	3	38.1	1	0:00:18.809245
3100	5	5	20.3	1	0:00:18.702407
3120	3	3	38.1	1	0:00:18.488420
3140	0	0	38.1	1	0:00:18.373905
3160	9	9	25.4	1	0:00:18.177980
3180	2	2	38.1	1	0:00:18.568965
3200	9	9	38.1	1	0:00:17.798267
3220	5	5	38.1	1	0:00:18.259155
3240	9	9	38.1	1	0:00:18.432925
3260	2	2	21.2	1	0:00:18.208502
3280	2	2	38.1	1	0:00:18.032398
3300	3	3	17.7	1	0:00:17.810372
3320	1	1	38.1	1	0:00:17.975161
3340	8	8	38.1	1	0:00:17.877588
3360	7	7	38.1	1	0:00:17.665239
3380	1	1	38.1	1	0:00:18.682526
3400	7	7	38.1	1	0:00:18.311336
3420	1	1	38.1	1	0:00:18.013124
3440	8	8	38.1	1	0:00:18.562827
3460	9	9	38.1	1	0:00:18.247836
3480	1	1	38.1	1	0:00:17.807796
3500	4	4	38.1	1	0:00:18.875917
3520	6	6	5.83	1	0:00:17.935826
3540	0	0	38.1	1	0:00:18.660097
3560	6	6	38.1	1	0:00:18.000574
3580	7	7	38.1	1	0:00:17.977242
3600	2	2	22.8	1	0:00:18.813807
3620	3	3	38.1	1	0:00:18.373805
3640	0	0	38.1	1	0:00:18.501342
3660	0	0	38.1	1	0:00:18.377281
3680	0	0	26.9	1	0:00:17.674797
3700	4	4	38.1	1	0:00:19.244577
3720	7	7	38.1	1	0:00:18.066332
3740	3	3	38.1	1	0:00:18.129523
3760	9	9	38.1	1	0:00:17.732514
3780	4	4	38.1	1	0:00:17.573614
3800	6	6	16.8	1	0:00:18.104327
3820	9	9	27.3	1	0:00:17.616713
3840	9	9	38.1	1	0:00:17.620690
3860	5	5	38.1	1	0:00:17.034364
3880	8	8	38.1	1	0:00:18.463427
3900	1	1	38.1	1	0:00:19.293455
3920	7	7	38.1	1	0:00:17.929904
3940	0	0	38.1	1	0:00:17.042500
3960	5	5	38.1	1	0:00:17.840724
3980	0	0	38.1	1	0:00:17.962537
4000	9	9	38.1	1	0:00:18.703650
4020	8	8	38.1	1	0:00:18.581695
4040	9	9	38.1	1	0:00:17.557861
4060	4	4	38.1	1	0:00:19.294194
4080	0	0	38.1	1	0:00:20.152872
4100	2	2	38.1	1	0:00:18.589331
4120	3	3	38.1	1	0:00:19.268954
4140	8	8	38.1	1	0:00:18.413881
4160	6	6	27.2	1	0:00:18.115412
4180	2	2	29.6	1	0:00:18.603023
4200	7	7	38.1	1	0:00:18.784816
4220	3	3	38.1	1	0:00:18.251564
4240	9	9	38.1	1	0:00:18.337298
4260	2	2	28.3	1	0:00:17.879744
4280	9	9	38.1	1	0:00:18.096633
4300	5	5	20.7	1	0:00:17.683893
4320	0	0	38.1	1	0:00:18.435597
4340	5	5	38.1	1	0:00:17.986346
4360	5	5	7.83	1	0:00:18.276804
4380	8	8	29.6	1	0:00:18.533251
4400	7	7	27.2	1	0:00:18.577997
4420	5	5	38.1	1	0:00:18.152004
4440	5	5	38.1	1	0:00:18.360453
4460	7	7	38.1	1	0:00:18.156964
4480	9	9	38.1	1	0:00:17.740555
4500	9	9	17.7	1	0:00:18.030113
4520	5	5	38.1	1	0:00:17.717828
4540	7	7	30.3	1	0:00:18.139672
4560	9	9	38.1	1	0:00:18.414675
4580	1	1	38.1	1	0:00:18.062614
4600	3	3	38.1	1	0:00:18.058931
4620	6	6	11.2	1	0:00:18.011092
4640	8	8	25.9	1	0:00:18.242045
4660	7	7	30.0	1	0:00:18.220108
4680	6	6	38.1	1	0:00:17.745877
4700	9	9	38.1	1	0:00:18.562808
4720	0	0	38.1	1	0:00:18.172594
4740	3	5	8.12	0	0:00:18.393717
4760	7	7	38.1	1	0:00:18.510000
4780	0	0	38.1	1	0:00:18.080364
4800	7	7	38.1	1	0:00:18.463360
4820	8	8	38.1	1	0:00:18.811121
4840	9	9	38.1	1	0:00:17.767575
4860	4	4	11.0	1	0:00:17.750507
4880	0	0	16.3	1	0:00:18.488618
4900	7	7	38.1	1	0:00:18.479360
4920	2	2	38.1	1	0:00:18.267316
4940	3	3	38.1	1	0:00:18.060442
4960	8	8	38.1	1	0:00:18.516232
4980	6	6	38.1	1	0:00:18.645846
5000	3	3	38.1	1	0:00:18.281072
5020	5	5	38.1	1	0:00:17.955517
5040	7	7	38.1	1	0:00:18.034546
5060	9	9	38.1	1	0:00:18.177812
5080	9	9	38.1	1	0:00:18.835514
5100	9	9	38.1	1	0:00:18.303002
5120	2	2	38.1	1	0:00:18.531262
5140	3	3	15.9	1	0:00:18.371668
5160	5	5	38.1	1	0:00:17.924314
5180	7	7	38.1	1	0:00:18.351278
5200	4	4	38.1	1	0:00:18.475312
5220	9	9	28.9	1	0:00:18.540147
5240	7	7	38.1	1	0:00:18.199626
5260	4	4	38.1	1	0:00:18.376142
5280	0	0	38.1	1	0:00:18.267651
5300	8	8	38.1	1	0:00:18.232124
5320	0	0	38.1	1	0:00:18.044051
5340	2	2	38.1	1	0:00:18.517124
5360	8	8	38.1	1	0:00:17.775882
5380	8	8	38.1	1	0:00:18.222154
5400	5	5	38.1	1	0:00:17.746538
5420	5	5	38.1	1	0:00:18.851712
5440	4	4	38.1	1	0:00:18.592496
5460	1	1	38.1	1	0:00:18.046403
5480	5	5	38.1	1	0:00:18.828054
5500	4	4	38.1	1	0:00:20.033369
5520	1	1	38.1	1	0:00:19.306770
5540	7	7	38.1	1	0:00:19.586194
5560	7	7	38.1	1	0:00:19.013457
5580	9	9	38.1	1	0:00:19.942604
5600	7	7	19.7	1	0:00:20.306499
5620	7	7	24.1	1	0:00:22.200412
5640	7	7	38.1	1	0:00:21.407218
5660	6	6	38.1	1	0:00:20.365356
5680	8	8	38.1	1	0:00:21.045806
5700	3	3	38.1	1	0:00:20.320315
5720	4	4	30.5	1	0:00:20.365017
5740	3	3	38.1	1	0:00:20.060286
5760	3	3	38.1	1	0:00:20.275182
5780	3	3	38.1	1	0:00:20.178321
5800	9	9	38.1	1	0:00:19.788979
5820	2	2	38.1	1	0:00:21.024481
5840	2	2	38.1	1	0:00:19.509306
5860	3	3	38.1	1	0:00:20.115279
5880	1	1	38.1	1	0:00:19.910221
5900	4	4	38.1	1	0:00:20.366686
5920	6	6	38.1	1	0:00:19.652378
5940	8	8	38.1	1	0:00:19.561647
5960	8	8	38.1	1	0:00:19.682574
5980	0	0	38.1	1	0:00:20.325063
6000	9	9	38.1	1	0:00:19.698616
6020	6	6	38.1	1	0:00:19.097880
6040	0	0	38.1	1	0:00:20.004707
6060	1	1	38.1	1	0:00:20.533247
6080	8	8	38.1	1	0:00:19.305123
6100	4	4	38.1	1	0:00:19.516777
6120	5	5	38.1	1	0:00:19.394371
6140	0	0	38.1	1	0:00:20.069799
6160	3	3	38.1	1	0:00:19.687423
6180	2	2	38.1	1	0:00:19.899673
6200	9	9	38.1	1	0:00:19.662942
6220	4	4	38.1	1	0:00:19.700623
6240	2	2	38.1	1	0:00:19.154231
6260	3	3	38.1	1	0:00:20.138455
6280	0	0	38.1	1	0:00:20.089144
6300	4	4	38.1	1	0:00:19.292364
6320	1	1	38.1	1	0:00:20.016544
6340	2	2	38.1	1	0:00:19.791701
6360	7	7	38.1	1	0:00:19.649467
6380	7	7	38.1	1	0:00:19.590844
6400	0	0	16.0	1	0:00:19.536586
6420	9	9	29.2	1	0:00:19.930056
6440	3	3	38.1	1	0:00:19.489304
6460	4	4	30.1	1	0:00:20.111357
6480	2	2	23.1	1	0:00:19.318206
6500	5	5	38.1	1	0:00:19.991215
6520	9	9	38.1	1	0:00:19.975012
6540	1	1	38.1	1	0:00:20.032419
6560	9	9	38.1	1	0:00:20.102965
6580	0	0	38.1	1	0:00:19.824222
6600	5	5	38.1	1	0:00:20.320943
6620	5	5	38.1	1	0:00:19.063024
6640	7	7	38.1	1	0:00:20.312970
6660	4	4	38.1	1	0:00:19.725073
6680	1	1	38.1	1	0:00:19.656127
6700	4	4	38.1	1	0:00:19.771474
6720	1	1	38.1	1	0:00:20.156631
6740	9	9	16.4	1	0:00:19.636323
6760	0	0	38.1	1	0:00:19.501745
6780	4	4	38.1	1	0:00:19.599051
6800	2	2	38.1	1	0:00:20.242697
6820	2	2	38.1	1	0:00:20.067148
6840	3	3	38.1	1	0:00:19.933486
6860	5	5	38.1	1	0:00:19.982745
6880	5	5	38.1	1	0:00:19.935133
6900	6	6	38.1	1	0:00:19.936499
6920	2	2	38.1	1	0:00:19.744968
6940	3	3	38.1	1	0:00:19.623766
6960	7	7	38.1	1	0:00:19.778752
6980	9	9	38.1	1	0:00:19.646432
7000	1	1	38.1	1	0:00:19.900040
7020	6	6	29.4	1	0:00:19.390420
7040	3	3	38.1	1	0:00:19.797778
7060	8	8	38.1	1	0:00:19.535046
7080	8	8	38.1	1	0:00:20.066922
7100	2	2	38.1	1	0:00:19.327106
7120	2	2	38.1	1	0:00:19.714275
7140	3	3	38.1	1	0:00:20.418507
7160	5	5	38.1	1	0:00:20.323118
7180	7	7	38.1	1	0:00:20.560300
7200	8	8	38.1	1	0:00:20.922220
7220	8	8	38.1	1	0:00:20.239653
7240	5	5	29.7	1	0:00:19.102527
7260	7	7	38.1	1	0:00:18.807087
7280	1	1	38.1	1	0:00:19.100828
7300	7	7	38.1	1	0:00:19.226170
7320	7	7	27.8	1	0:00:19.108236
7340	1	1	38.1	1	0:00:19.352605
7360	9	9	38.1	1	0:00:19.034854
7380	9	9	38.1	1	0:00:19.282089
7400	2	2	20.4	1	0:00:19.208268
7420	2	2	20.0	1	0:00:19.014981
7440	0	0	38.1	1	0:00:19.151676
7460	7	7	38.1	1	0:00:19.119897
7480	1	1	38.1	1	0:00:18.635788
7500	8	8	38.1	1	0:00:18.185223
7520	4	4	38.1	1	0:00:18.966308
7540	6	6	38.1	1	0:00:19.571420
7560	4	4	38.1	1	0:00:18.925778
7580	9	9	18.9	1	0:00:19.087449
7600	1	1	38.1	1	0:00:19.161505
7620	3	3	38.1	1	0:00:18.993985
7640	9	9	38.1	1	0:00:19.656037
7660	8	8	38.1	1	0:00:19.076139
7680	9	9	38.1	1	0:00:18.943759
7700	9	9	38.1	1	0:00:19.017201
7720	8	8	38.1	1	0:00:19.380318
7740	3	3	38.1	1	0:00:18.965249
7760	7	7	38.1	1	0:00:19.379041
7780	0	0	38.1	1	0:00:18.896965
7800	3	3	38.1	1	0:00:19.017957
7820	0	0	38.1	1	0:00:18.514344
7840	2	2	38.1	1	0:00:19.295479
7860	6	6	19.5	1	0:00:18.924141
7880	6	6	38.1	1	0:00:18.668942
7900	1	1	13.3	1	0:00:18.756919
7920	1	1	15.0	1	0:00:18.856145
7940	7	7	38.1	1	0:00:18.209051
7960	7	7	38.1	1	0:00:19.344950
7980	1	1	38.1	1	0:00:18.043135
8000	4	4	25.3	1	0:00:18.273336
8020	1	1	21.3	1	0:00:19.059159
8040	6	6	38.1	1	0:00:18.132272
8060	3	3	38.1	1	0:00:18.528883
8080	3	3	38.1	1	0:00:18.311490
8100	1	1	38.1	1	0:00:18.798611
8120	3	3	38.1	1	0:00:18.621656
8140	3	3	38.1	1	0:00:18.256179
8160	5	5	28.2	1	0:00:18.257592
8180	5	5	38.1	1	0:00:18.680578
8200	6	6	38.1	1	0:00:18.289806
8220	4	4	38.1	1	0:00:18.243328
8240	6	6	38.1	1	0:00:18.293036
8260	0	0	28.8	1	0:00:18.680633
8280	4	4	38.1	1	0:00:18.183504
8300	8	8	38.1	1	0:00:18.405279
8320	2	2	13.8	1	0:00:18.595539
8340	1	1	38.1	1	0:00:18.721797
8360	1	1	38.1	1	0:00:18.359149
8380	6	6	38.1	1	0:00:17.661822
8400	4	4	38.1	1	0:00:18.274297
8420	1	1	38.1	1	0:00:18.288112
8440	8	8	38.1	1	0:00:18.724259
8460	2	2	38.1	1	0:00:18.660444
8480	7	7	38.1	1	0:00:18.165085
8500	4	4	38.1	1	0:00:18.552995
8520	4	4	8.59	1	0:00:18.841548
8540	1	1	38.1	1	0:00:18.520206
8560	2	2	38.1	1	0:00:18.536971
8580	6	6	38.1	1	0:00:18.764300
8600	1	1	38.1	1	0:00:18.524030
8620	7	7	38.1	1	0:00:18.259494
8640	9	9	38.1	1	0:00:18.177061
8660	3	3	38.1	1	0:00:18.087100
8680	9	9	38.1	1	0:00:18.490494
8700	9	9	38.1	1	0:00:18.327085
8720	1	1	38.1	1	0:00:18.353156
8740	1	1	38.1	1	0:00:18.404624
8760	6	6	38.1	1	0:00:18.893249
8780	3	3	38.1	1	0:00:18.885330
8800	2	2	38.1	1	0:00:18.475418
8820	2	2	38.1	1	0:00:18.842639
8840	3	3	38.1	1	0:00:18.724873
8860	3	3	38.1	1	0:00:18.309724
8880	2	2	38.1	1	0:00:18.590326
8900	9	9	38.1	1	0:00:18.029703
8920	9	9	38.1	1	0:00:18.672463
8940	5	5	38.1	1	0:00:18.191571
8960	4	4	38.1	1	0:00:18.408223
8980	1	1	38.1	1	0:00:18.658033
9000	7	7	38.1	1	0:00:18.163722
9020	8	8	38.1	1	0:00:17.699839
9040	6	6	38.1	1	0:00:17.396389
9060	0	0	38.1	1	0:00:17.374378
9080	0	0	38.1	1	0:00:17.439642
9100	3	3	38.1	1	0:00:17.218571
9120	1	1	38.1	1	0:00:17.678780
9140	1	1	38.1	1	0:00:17.619677
9160	5	5	38.1	1	0:00:17.671093
9180	1	1	38.1	1	0:00:17.572405
9200	1	1	38.1	1	0:00:17.529474
9220	0	0	38.1	1	0:00:17.141392
9240	6	6	38.1	1	0:00:17.223163
9260	5	5	38.1	1	0:00:17.358218
9280	8	8	38.1	1	0:00:17.051831
9300	7	7	38.1	1	0:00:17.693968
9320	4	4	38.1	1	0:00:17.307545
9340	7	7	38.1	1	0:00:17.626528
9360	5	5	38.1	1	0:00:17.543977
9380	3	3	38.1	1	0:00:17.120938
9400	5	5	27.0	1	0:00:17.498589
9420	8	8	38.1	1	0:00:17.911271
9440	0	0	38.1	1	0:00:17.155359
9460	3	3	38.1	1	0:00:17.526146
9480	2	2	38.1	1	0:00:16.979447
9500	2	2	38.1	1	0:00:16.967767
9520	1	1	38.1	1	0:00:17.118458
9540	1	1	15.5	1	0:00:17.045772
9560	7	7	38.1	1	0:00:17.517434
9580	9	9	38.1	1	0:00:17.531474
9600	5	5	38.1	1	0:00:16.960857
9620	9	9	7.25	1	0:00:17.303991
9640	7	7	38.1	1	0:00:17.448435
9660	7	7	38.1	1	0:00:17.562588
9680	3	3	38.1	1	0:00:17.511447
9700	2	2	16.6	1	0:00:17.364913
9720	6	6	38.1	1	0:00:17.209951
9740	9	9	38.1	1	0:00:17.813210
9760	1	1	38.1	1	0:00:17.444067
9780	8	8	38.1	1	0:00:17.324597
9800	0	0	38.1	1	0:00:17.317334
9820	2	2	38.1	1	0:00:17.382681
9840	3	3	38.1	1	0:00:17.179028
9860	3	3	38.1	1	0:00:17.100035
9880	2	2	38.1	1	0:00:17.363753
9900	8	8	38.1	1	0:00:17.394478
9920	8	8	38.1	1	0:00:17.563139
9940	6	6	38.1	1	0:00:17.475718
9960	4	4	38.1	1	0:00:17.274675
9980	2	2	23.5	1	0:00:17.335338
