idx	label	predict	radius	correct	time
0	7	7	11.2	1	0:00:14.890594
20	9	9	8.17	1	0:00:14.472340
40	1	1	11.4	1	0:00:14.597982
60	7	7	10.5	1	0:00:14.471981
80	7	7	10.0	1	0:00:15.282050
100	6	6	10.1	1	0:00:15.300059
120	5	5	8.8	1	0:00:16.235224
140	6	6	10.2	1	0:00:15.645817
160	4	4	4.19	1	0:00:15.536795
180	1	1	11.4	1	0:00:15.775979
200	3	3	9.92	1	0:00:16.137407
220	7	7	10.3	1	0:00:16.279416
240	5	5	9.9	1	0:00:15.264542
260	8	8	9.83	1	0:00:15.930810
280	2	2	10.6	1	0:00:15.652205
300	4	4	10.3	1	0:00:16.308008
320	9	9	3.05	1	0:00:15.847065
340	5	5	7.42	1	0:00:16.010364
360	4	4	8.71	1	0:00:15.450988
380	0	0	9.87	1	0:00:16.155125
400	2	2	9.31	1	0:00:16.113469
420	4	4	7.28	1	0:00:16.642678
440	0	0	11.4	1	0:00:16.386738
460	5	5	9.97	1	0:00:16.022848
480	1	1	10.9	1	0:00:15.641383
500	3	3	11.2	1	0:00:15.488198
520	8	8	9.56	1	0:00:16.243470
540	5	5	9.74	1	0:00:17.111166
560	9	9	9.97	1	0:00:17.060712
580	8	8	9.41	1	0:00:17.237012
600	6	6	10.5	1	0:00:17.214127
620	0	0	9.43	1	0:00:16.733026
640	1	1	11.4	1	0:00:16.887433
660	4	4	10.8	1	0:00:17.156496
680	6	6	10.5	1	0:00:17.039935
700	1	1	10.9	1	0:00:16.315733
720	5	5	7.76	1	0:00:16.948335
740	4	9	0.541	0	0:00:16.985881
760	4	4	9.94	1	0:00:17.382205
780	3	3	9.65	1	0:00:17.817230
800	8	8	8.84	1	0:00:16.150393
820	6	6	11.0	1	0:00:15.658379
840	1	1	11.2	1	0:00:15.791981
860	6	6	10.7	1	0:00:15.916869
880	7	7	10.1	1	0:00:17.351269
900	1	1	11.1	1	0:00:16.673425
920	1	1	11.4	1	0:00:16.919387
940	6	6	9.36	1	0:00:15.749770
960	7	7	8.55	1	0:00:15.683942
980	2	2	11.2	1	0:00:16.456755
1000	9	9	9.72	1	0:00:15.996436
1020	3	3	10.7	1	0:00:15.898778
1040	1	1	11.4	1	0:00:15.708598
1060	4	4	10.5	1	0:00:15.908947
1080	4	4	10.3	1	0:00:16.015344
1100	7	7	11.4	1	0:00:15.832030
1120	8	8	10.6	1	0:00:16.605942
1140	4	4	11.1	1	0:00:16.237576
1160	4	4	10.3	1	0:00:16.444521
1180	1	1	11.4	1	0:00:15.710402
1200	8	8	7.28	1	0:00:17.323750
1220	0	0	10.2	1	0:00:16.166718
1240	1	1	10.7	1	0:00:16.370420
1260	7	7	4.34	1	0:00:16.112373
1280	1	1	11.4	1	0:00:16.298924
1300	4	4	11.1	1	0:00:16.101087
1320	8	8	10.6	1	0:00:16.013728
1340	5	5	10.4	1	0:00:15.760681
1360	1	1	11.4	1	0:00:15.814328
1380	9	9	9.56	1	0:00:15.575835
1400	6	6	10.5	1	0:00:15.082852
1420	6	6	10.6	1	0:00:15.268629
1440	4	4	8.7	1	0:00:15.628939
1460	5	5	10.2	1	0:00:15.934658
1480	3	3	10.8	1	0:00:15.687893
1500	7	7	9.04	1	0:00:15.385826
1520	7	7	10.6	1	0:00:15.382237
1540	7	7	9.94	1	0:00:15.287046
1560	8	8	10.4	1	0:00:15.653883
1580	4	4	9.65	1	0:00:15.815296
1600	3	3	8.08	1	0:00:15.226439
1620	2	2	11.1	1	0:00:16.042686
1640	9	9	8.86	1	0:00:16.618721
1660	7	7	9.72	1	0:00:16.309084
1680	4	4	9.43	1	0:00:15.983239
1700	0	0	9.65	1	0:00:16.628071
1720	4	4	10.9	1	0:00:16.601475
1740	8	8	9.05	1	0:00:17.242042
1760	1	1	11.4	1	0:00:17.017997
1780	1	1	11.4	1	0:00:17.038613
1800	6	6	8.04	1	0:00:17.697349
1820	1	1	11.2	1	0:00:17.958099
1840	3	3	9.72	1	0:00:17.286909
1860	5	5	9.41	1	0:00:17.852644
1880	6	6	5.4	1	0:00:17.953702
1900	1	1	6.2	1	0:00:17.273699
1920	4	4	9.75	1	0:00:17.659297
1940	5	5	7.94	1	0:00:18.402824
1960	8	8	9.77	1	0:00:17.843072
1980	4	4	10.9	1	0:00:18.309661
2000	6	6	10.3	1	0:00:18.579340
2020	3	3	10.7	1	0:00:16.804750
2040	5	5	5.99	1	0:00:17.815334
2060	0	0	10.2	1	0:00:17.398963
2080	3	3	10.6	1	0:00:16.306386
2100	5	5	9.43	1	0:00:16.308084
2120	4	4	11.1	1	0:00:16.387062
2140	6	6	8.16	1	0:00:16.201459
2160	6	6	10.2	1	0:00:16.553160
2180	5	5	9.14	1	0:00:16.683777
2200	2	2	10.0	1	0:00:16.079333
2220	7	7	11.2	1	0:00:16.767502
2240	7	7	11.2	1	0:00:16.589650
2260	2	2	10.5	1	0:00:16.241560
2280	3	-1	0.0	0	0:00:16.665665
2300	3	3	8.22	1	0:00:16.510579
2320	9	9	9.29	1	0:00:16.555096
2340	4	4	10.6	1	0:00:16.036848
2360	6	6	10.4	1	0:00:16.393558
2380	9	9	4.44	1	0:00:15.933734
2400	5	5	7.15	1	0:00:16.095188
2420	9	9	8.69	1	0:00:16.314641
2440	4	4	9.74	1	0:00:15.114444
2460	5	5	8.98	1	0:00:15.540316
2480	7	7	9.47	1	0:00:17.546313
2500	2	2	9.97	1	0:00:17.352399
2520	8	8	10.0	1	0:00:18.105497
2540	5	5	8.44	1	0:00:18.021517
2560	3	3	8.11	1	0:00:18.195437
2580	6	6	10.1	1	0:00:19.053220
2600	8	8	10.0	1	0:00:18.895532
2620	6	6	10.8	1	0:00:18.739289
2640	8	8	9.97	1	0:00:18.352298
2660	0	0	10.2	1	0:00:17.938617
2680	4	4	10.4	1	0:00:18.591390
2700	7	7	11.1	1	0:00:18.551011
2720	9	9	3.64	1	0:00:18.153054
2740	9	9	7.01	1	0:00:16.416935
2760	9	9	4.67	1	0:00:16.441028
2780	2	2	8.19	1	0:00:16.768921
2800	8	8	8.86	1	0:00:17.133898
2820	7	7	10.0	1	0:00:17.407624
2840	3	3	11.4	1	0:00:16.674467
2860	6	6	7.87	1	0:00:16.555747
2880	1	1	11.4	1	0:00:17.397878
2900	4	4	9.97	1	0:00:17.689758
2920	6	6	10.1	1	0:00:17.020529
2940	2	2	9.56	1	0:00:17.216282
2960	8	8	9.16	1	0:00:16.873219
2980	6	6	10.3	1	0:00:16.961004
3000	6	6	9.79	1	0:00:16.922222
3020	0	0	10.1	1	0:00:17.657522
3040	7	7	11.1	1	0:00:16.635980
3060	9	9	4.54	1	0:00:17.381467
3080	3	3	11.2	1	0:00:16.675352
3100	5	5	6.76	1	0:00:16.710620
3120	3	3	10.6	1	0:00:16.607282
3140	0	0	10.6	1	0:00:17.475542
3160	9	9	8.28	1	0:00:17.046852
3180	2	2	10.3	1	0:00:16.630144
3200	9	9	9.9	1	0:00:17.093058
3220	5	5	10.9	1	0:00:16.713832
3240	9	9	7.95	1	0:00:17.260976
3260	2	2	9.72	1	0:00:17.263349
3280	2	2	8.84	1	0:00:17.720405
3300	3	3	8.79	1	0:00:16.693498
3320	1	1	11.4	1	0:00:16.423703
3340	8	8	9.65	1	0:00:17.920818
3360	7	7	10.8	1	0:00:17.659410
3380	1	1	11.4	1	0:00:17.109818
3400	7	7	11.4	1	0:00:17.742013
3420	1	1	11.4	1	0:00:16.961411
3440	8	8	10.2	1	0:00:16.825796
3460	9	9	7.61	1	0:00:16.668289
3480	1	1	11.4	1	0:00:17.455691
3500	4	4	10.8	1	0:00:16.925935
3520	6	6	1.63	1	0:00:16.647323
3540	0	0	8.28	1	0:00:16.464755
3560	6	6	11.1	1	0:00:15.797894
3580	7	7	10.1	1	0:00:15.598022
3600	2	2	10.4	1	0:00:16.423379
3620	3	3	10.9	1	0:00:16.358349
3640	0	0	9.9	1	0:00:16.322223
3660	0	0	11.2	1	0:00:16.105649
3680	0	0	9.02	1	0:00:16.477649
3700	4	4	11.0	1	0:00:16.778321
3720	7	7	11.4	1	0:00:16.165416
3740	3	3	10.3	1	0:00:16.142371
3760	9	9	10.5	1	0:00:16.320468
3780	4	6	0.972	0	0:00:16.497076
3800	6	6	9.77	1	0:00:16.406623
3820	9	9	7.41	1	0:00:15.861490
3840	9	9	9.26	1	0:00:16.592081
3860	5	5	9.83	1	0:00:16.282541
3880	8	8	9.94	1	0:00:16.366135
3900	1	1	11.4	1	0:00:16.937849
3920	7	7	11.4	1	0:00:15.973126
3940	0	0	9.06	1	0:00:17.028728
3960	5	5	11.0	1	0:00:16.379735
3980	0	0	10.4	1	0:00:16.566270
4000	9	9	9.23	1	0:00:16.540123
4020	8	8	9.35	1	0:00:16.280704
4040	9	9	10.5	1	0:00:15.647460
4060	4	4	10.3	1	0:00:16.086967
4080	0	0	9.74	1	0:00:16.082720
4100	2	2	8.63	1	0:00:17.288515
4120	3	3	11.4	1	0:00:16.020230
4140	8	8	7.64	1	0:00:16.447602
4160	6	6	7.97	1	0:00:16.486889
4180	2	2	8.65	1	0:00:16.298065
4200	7	7	11.4	1	0:00:17.787263
4220	3	3	11.4	1	0:00:17.843186
4240	9	9	9.42	1	0:00:16.151644
4260	2	2	9.2	1	0:00:15.632805
4280	9	9	10.6	1	0:00:15.606298
4300	5	5	7.59	1	0:00:16.097008
4320	0	0	11.1	1	0:00:16.701359
4340	5	5	9.77	1	0:00:16.331300
4360	5	5	4.39	1	0:00:16.667827
4380	8	8	6.97	1	0:00:16.068827
4400	7	7	7.36	1	0:00:16.348304
4420	5	5	9.56	1	0:00:17.147924
4440	5	5	9.43	1	0:00:15.222073
4460	7	7	10.7	1	0:00:15.635685
4480	9	9	9.59	1	0:00:16.177767
4500	9	9	6.07	1	0:00:17.331658
4520	5	5	10.9	1	0:00:17.027381
4540	7	7	9.38	1	0:00:17.269113
4560	9	9	9.53	1	0:00:16.859599
4580	1	1	11.4	1	0:00:15.996841
4600	3	3	11.4	1	0:00:17.993190
4620	6	6	3.42	1	0:00:17.394944
4640	8	8	8.98	1	0:00:17.010750
4660	7	7	9.99	1	0:00:18.693996
4680	6	6	10.6	1	0:00:18.255030
4700	9	9	10.5	1	0:00:16.571908
4720	0	0	8.63	1	0:00:18.074089
4740	3	5	0.899	0	0:00:16.756290
4760	7	7	11.1	1	0:00:16.367574
4780	0	0	10.6	1	0:00:16.783567
4800	7	7	11.2	1	0:00:16.667852
4820	8	8	9.85	1	0:00:16.496267
4840	9	9	10.3	1	0:00:17.268368
4860	4	9	0.775	0	0:00:16.724141
4880	0	0	7.66	1	0:00:16.745430
4900	7	7	11.2	1	0:00:16.223397
4920	2	2	11.2	1	0:00:16.355088
4940	3	3	10.9	1	0:00:17.101085
4960	8	8	9.85	1	0:00:16.134483
4980	6	6	10.6	1	0:00:16.828755
5000	3	3	11.4	1	0:00:16.853818
5020	5	5	9.51	1	0:00:17.314101
5040	7	7	11.4	1	0:00:17.244603
5060	9	9	10.1	1	0:00:16.916643
5080	9	9	10.3	1	0:00:16.308654
5100	9	9	10.6	1	0:00:16.232312
5120	2	2	11.1	1	0:00:16.887370
5140	3	3	6.41	1	0:00:16.287599
5160	5	5	8.53	1	0:00:17.145229
5180	7	7	9.77	1	0:00:16.162865
5200	4	4	9.97	1	0:00:16.419088
5220	9	9	10.3	1	0:00:16.171201
5240	7	7	10.3	1	0:00:16.112787
5260	4	4	8.13	1	0:00:16.394935
5280	0	0	11.4	1	0:00:16.833888
5300	8	8	9.81	1	0:00:16.627794
5320	0	0	10.9	1	0:00:16.617709
5340	2	2	11.4	1	0:00:16.445828
5360	8	8	9.07	1	0:00:16.926725
5380	8	8	8.05	1	0:00:16.728422
5400	5	5	10.3	1	0:00:16.482136
5420	5	5	9.77	1	0:00:17.318655
5440	4	4	10.9	1	0:00:16.813169
5460	1	1	11.4	1	0:00:15.886209
5480	5	5	10.1	1	0:00:17.786174
5500	4	4	10.3	1	0:00:16.593281
5520	1	1	11.2	1	0:00:16.291096
5540	7	7	11.0	1	0:00:16.523023
5560	7	7	10.5	1	0:00:16.514198
5580	9	9	10.5	1	0:00:16.474570
5600	7	7	9.83	1	0:00:17.328046
5620	7	7	8.67	1	0:00:16.010051
5640	7	7	11.0	1	0:00:16.275574
5660	6	6	10.7	1	0:00:17.024727
5680	8	8	9.83	1	0:00:16.418261
5700	3	3	11.2	1	0:00:17.343380
5720	4	4	9.75	1	0:00:16.585742
5740	3	3	10.5	1	0:00:16.528187
5760	3	3	10.7	1	0:00:16.436643
5780	3	3	11.2	1	0:00:16.418412
5800	9	9	9.57	1	0:00:17.501366
5820	2	2	11.2	1	0:00:16.482162
5840	2	2	10.0	1	0:00:16.476516
5860	3	3	11.4	1	0:00:17.338363
5880	1	1	11.4	1	0:00:16.681222
5900	4	4	11.1	1	0:00:16.657411
5920	6	6	10.8	1	0:00:16.589924
5940	8	8	9.81	1	0:00:16.443099
5960	8	8	9.17	1	0:00:16.791474
5980	0	0	10.3	1	0:00:17.699911
6000	9	9	9.18	1	0:00:16.955399
6020	6	6	10.0	1	0:00:16.312531
6040	0	0	10.5	1	0:00:16.999775
6060	1	1	11.2	1	0:00:16.404800
6080	8	8	7.78	1	0:00:16.947226
6100	4	4	10.5	1	0:00:17.439396
6120	5	5	10.3	1	0:00:16.798537
6140	0	0	9.56	1	0:00:17.602039
6160	3	3	11.4	1	0:00:18.684607
6180	2	2	10.6	1	0:00:17.960016
6200	9	9	10.7	1	0:00:17.956666
6220	4	4	11.0	1	0:00:18.451665
6240	2	2	11.1	1	0:00:18.841185
6260	3	3	11.4	1	0:00:18.335089
6280	0	0	11.0	1	0:00:19.327389
6300	4	4	10.9	1	0:00:19.348727
6320	1	1	11.4	1	0:00:19.568813
6340	2	2	11.0	1	0:00:18.871166
6360	7	7	10.2	1	0:00:18.697294
6380	7	7	11.0	1	0:00:19.138957
6400	0	0	3.73	1	0:00:18.504292
6420	9	9	9.97	1	0:00:19.043852
6440	3	3	11.2	1	0:00:19.278790
6460	4	4	7.89	1	0:00:18.833626
6480	2	2	8.43	1	0:00:19.028227
6500	5	5	10.1	1	0:00:19.511518
6520	9	9	9.72	1	0:00:18.100429
6540	1	1	11.4	1	0:00:18.764781
6560	9	9	3.66	1	0:00:19.144316
6580	0	0	9.47	1	0:00:18.064257
6600	5	5	7.16	1	0:00:18.818389
6620	5	5	10.2	1	0:00:18.061256
6640	7	7	11.2	1	0:00:18.571404
6660	4	4	9.6	1	0:00:17.358100
6680	1	1	11.2	1	0:00:18.525505
6700	4	4	8.38	1	0:00:18.043219
6720	1	1	11.4	1	0:00:17.958956
6740	9	9	6.77	1	0:00:18.296825
6760	0	0	10.3	1	0:00:17.650211
6780	4	4	8.0	1	0:00:18.272842
6800	2	2	10.2	1	0:00:18.288615
6820	2	2	11.2	1	0:00:18.783062
6840	3	3	11.4	1	0:00:17.769201
6860	5	5	9.49	1	0:00:18.252499
6880	5	5	8.51	1	0:00:18.115897
6900	6	6	10.6	1	0:00:18.252809
6920	2	2	9.53	1	0:00:18.050011
6940	3	3	11.4	1	0:00:18.389059
6960	7	7	11.4	1	0:00:18.374690
6980	9	9	9.59	1	0:00:18.826808
7000	1	1	11.4	1	0:00:17.805243
7020	6	6	10.2	1	0:00:18.761158
7040	3	3	11.2	1	0:00:18.138738
7060	8	8	10.4	1	0:00:18.136855
7080	8	8	9.7	1	0:00:18.338810
7100	2	2	11.2	1	0:00:18.979191
7120	2	2	11.1	1	0:00:18.377482
7140	3	3	11.4	1	0:00:17.915825
7160	5	5	9.79	1	0:00:18.315956
7180	7	7	11.2	1	0:00:18.657666
7200	8	8	9.46	1	0:00:18.386263
7220	8	8	8.37	1	0:00:17.596014
7240	5	5	8.63	1	0:00:18.133361
7260	7	7	10.4	1	0:00:18.996636
7280	1	1	11.4	1	0:00:18.055338
7300	7	7	11.2	1	0:00:17.595100
7320	7	7	10.3	1	0:00:17.964417
7340	1	1	11.4	1	0:00:18.632007
7360	9	9	11.1	1	0:00:18.102246
7380	9	9	10.6	1	0:00:18.214613
7400	2	2	11.4	1	0:00:18.512119
7420	2	2	9.34	1	0:00:17.972003
7440	0	0	10.5	1	0:00:18.547994
7460	7	7	11.0	1	0:00:18.126813
7480	1	1	11.4	1	0:00:18.361747
7500	8	8	10.2	1	0:00:18.374075
7520	4	4	7.78	1	0:00:17.596892
7540	6	6	11.4	1	0:00:18.790049
7560	4	4	9.99	1	0:00:18.523273
7580	9	9	9.38	1	0:00:18.668372
7600	1	1	11.4	1	0:00:18.165088
7620	3	3	11.1	1	0:00:18.263536
7640	9	9	9.87	1	0:00:18.824001
7660	8	8	10.2	1	0:00:17.755902
7680	9	9	10.0	1	0:00:18.859847
7700	9	9	10.9	1	0:00:18.542538
7720	8	8	7.75	1	0:00:18.659603
7740	3	3	11.2	1	0:00:18.506524
7760	7	7	11.2	1	0:00:18.701315
7780	0	0	10.5	1	0:00:18.033293
7800	3	3	6.75	1	0:00:18.285439
7820	0	0	9.57	1	0:00:17.998347
7840	2	2	10.6	1	0:00:18.967357
7860	6	6	11.0	1	0:00:18.584717
7880	6	6	10.9	1	0:00:17.743561
7900	1	1	8.27	1	0:00:18.524956
7920	1	1	8.2	1	0:00:18.478120
7940	7	7	10.5	1	0:00:19.371847
7960	7	7	10.5	1	0:00:19.180891
7980	1	1	11.4	1	0:00:18.182712
8000	4	4	7.84	1	0:00:18.265610
8020	1	1	11.1	1	0:00:18.706821
8040	6	6	10.5	1	0:00:16.998672
8060	3	3	11.2	1	0:00:17.771013
8080	3	3	11.2	1	0:00:17.355016
8100	1	1	11.2	1	0:00:17.796964
8120	3	3	11.2	1	0:00:17.234854
8140	3	3	11.2	1	0:00:17.599252
8160	5	5	9.53	1	0:00:17.416638
8180	5	5	10.0	1	0:00:17.279609
8200	6	6	10.2	1	0:00:17.507282
8220	4	4	10.3	1	0:00:17.335783
8240	6	6	10.8	1	0:00:17.961133
8260	0	0	8.9	1	0:00:17.925965
8280	4	4	9.11	1	0:00:17.550987
8300	8	8	9.85	1	0:00:17.996225
8320	2	2	10.2	1	0:00:18.047065
8340	1	1	11.4	1	0:00:17.805225
8360	1	1	11.0	1	0:00:17.414714
8380	6	6	10.7	1	0:00:17.031354
8400	4	4	10.0	1	0:00:17.169757
8420	1	1	11.4	1	0:00:17.295079
8440	8	8	9.75	1	0:00:17.993906
8460	2	2	10.3	1	0:00:17.599612
8480	7	7	11.2	1	0:00:17.906931
8500	4	4	10.7	1	0:00:17.630174
8520	4	4	1.76	1	0:00:17.422893
8540	1	1	11.4	1	0:00:17.987633
8560	2	2	11.1	1	0:00:17.323837
8580	6	6	10.2	1	0:00:17.896814
8600	1	1	11.4	1	0:00:17.455565
8620	7	7	11.1	1	0:00:17.116039
8640	9	9	10.5	1	0:00:16.700904
8660	3	3	11.4	1	0:00:17.224168
8680	9	9	9.94	1	0:00:16.279939
8700	9	9	10.0	1	0:00:17.685016
8720	1	1	11.4	1	0:00:16.300367
8740	1	1	11.4	1	0:00:16.119853
8760	6	6	11.2	1	0:00:16.919904
8780	3	3	11.4	1	0:00:16.634267
8800	2	2	11.4	1	0:00:17.001452
8820	2	2	11.4	1	0:00:17.125818
8840	3	3	11.4	1	0:00:16.782557
8860	3	3	11.4	1	0:00:17.119920
8880	2	2	11.2	1	0:00:16.790948
8900	9	9	10.6	1	0:00:17.332032
8920	9	9	10.2	1	0:00:16.501677
8940	5	5	9.17	1	0:00:16.670330
8960	4	4	10.3	1	0:00:17.516590
8980	1	1	10.0	1	0:00:17.494848
9000	7	7	10.9	1	0:00:17.371720
9020	8	8	10.4	1	0:00:16.740205
9040	6	6	9.18	1	0:00:17.703800
9060	0	0	10.8	1	0:00:16.415361
9080	0	0	10.8	1	0:00:16.848199
9100	3	3	11.4	1	0:00:16.169428
9120	1	1	11.4	1	0:00:17.075829
9140	1	1	11.4	1	0:00:16.679499
9160	5	5	10.5	1	0:00:17.732541
9180	1	1	10.4	1	0:00:16.685691
9200	1	1	9.45	1	0:00:16.512214
9220	0	0	10.3	1	0:00:17.110580
9240	6	6	8.42	1	0:00:16.855691
9260	5	5	10.1	1	0:00:16.577686
9280	8	8	4.74	1	0:00:16.300478
9300	7	7	11.0	1	0:00:17.038369
9320	4	4	9.94	1	0:00:16.690195
9340	7	7	11.1	1	0:00:16.797504
9360	5	5	10.5	1	0:00:16.811703
9380	3	3	10.1	1	0:00:17.062381
9400	5	5	7.78	1	0:00:16.988673
9420	8	8	10.9	1	0:00:16.476074
9440	0	0	10.3	1	0:00:16.985188
9460	3	3	11.4	1	0:00:17.096432
9480	2	2	10.7	1	0:00:16.647587
9500	2	2	11.2	1	0:00:17.273747
9520	1	1	11.4	1	0:00:16.682592
9540	1	1	3.89	1	0:00:17.550555
9560	7	7	9.77	1	0:00:17.026428
9580	9	9	8.97	1	0:00:17.012781
9600	5	5	10.3	1	0:00:16.566173
9620	9	9	7.13	1	0:00:16.759842
9640	7	7	11.0	1	0:00:16.365823
9660	7	7	10.5	1	0:00:17.639792
9680	3	3	11.4	1	0:00:17.311771
9700	2	2	8.74	1	0:00:16.794367
9720	6	6	8.96	1	0:00:16.949488
9740	9	9	8.29	1	0:00:17.026928
9760	1	1	11.4	1	0:00:16.888788
9780	8	8	7.08	1	0:00:17.164043
9800	0	0	8.88	1	0:00:16.898568
9820	2	2	8.7	1	0:00:16.607518
9840	3	3	8.49	1	0:00:16.773869
9860	3	3	11.0	1	0:00:16.543704
9880	2	2	8.84	1	0:00:16.862731
9900	8	8	9.99	1	0:00:16.787545
9920	8	8	10.3	1	0:00:16.742094
9940	6	6	9.85	1	0:00:16.797462
9960	4	4	11.1	1	0:00:16.774367
9980	2	2	9.45	1	0:00:16.666808
