no.	maxl2sqr
0	0.024735087528824806
20	0.025186952203512192
40	0.027720976620912552
60	0.022989124059677124
80	0.02239707112312317
100	0.020462144166231155
120	0.021574366837739944
140	0.021608924493193626
160	0.0221105869859457
180	0.02423004060983658
200	0.02416188456118107
220	0.023692116141319275
240	0.025802006945014
260	0.02480221912264824
280	0.027651149779558182
300	0.022614063695073128
320	0.02334572561085224
340	0.02544044703245163
360	0.021244138479232788
380	0.023013446480035782
400	0.02886570431292057
420	0.018424658104777336
440	0.026012936607003212
460	0.02581515908241272
480	0.02495213970541954
500	0.024538179859519005
520	0.027566615492105484
540	0.0306522436439991
560	0.024466104805469513
580	0.019960708916187286
600	0.025396939367055893
620	0.022215016186237335
640	0.019365515559911728
660	0.02248932234942913
680	0.025811675935983658
700	0.025512415915727615
720	0.02120831608772278
740	0.02264447696506977
760	0.024851765483617783
780	0.026225630193948746
800	0.023927191272377968
820	0.021992944180965424
840	0.028531506657600403
860	0.02008596435189247
880	0.02043323591351509
900	0.019112568348646164
920	0.026369716972112656
940	0.027933523058891296
960	0.026327908039093018
980	0.02195829153060913
1000	0.02512371726334095
1020	0.026913505047559738
1040	0.025618480518460274
1060	0.02494237758219242
1080	0.02485642582178116
1100	0.025010908022522926
1120	0.024049902334809303
1140	0.01915094070136547
1160	0.0254704337567091
1180	0.0218304842710495
1200	0.024166157469153404
1220	0.02156929299235344
1240	0.017418645322322845
1260	0.025199804455041885
1280	0.027217354625463486
1300	0.017969271168112755
1320	0.02211594395339489
1340	0.02532939799129963
1360	0.026116756722331047
1380	0.022913582623004913
1400	0.01911892183125019
1420	0.02243952825665474
1440	0.02217489667236805
1460	0.0257246233522892
1480	0.027135174721479416
1500	0.026689976453781128
1520	0.020339831709861755
1540	0.020155958831310272
1560	0.02650195173919201
1580	0.02310889959335327
1600	0.020553790032863617
1620	0.02375258505344391
1640	0.028868714347481728
1660	0.0251298937946558
1680	0.01994890719652176
1700	0.023278918117284775
1720	0.024223435670137405
1740	0.02527632936835289
1760	0.02058226987719536
1780	0.024791330099105835
1800	0.022658148780465126
1820	0.026774581521749496
1840	0.022508690133690834
1860	0.029006604105234146
1880	0.023341812193393707
1900	0.022993560880422592
1920	0.021959397941827774
1940	0.025168120861053467
1960	0.025936104357242584
1980	0.026656096801161766
2000	0.022823916748166084
2020	0.024597249925136566
2040	0.01961820013821125
2060	0.023233290761709213
2080	0.024851404130458832
2100	0.02008168399333954
2120	0.02489842101931572
2140	0.027100462466478348
2160	0.019958732649683952
2180	0.018041344359517097
2200	0.014978179708123207
2220	0.025767605751752853
2240	0.02150149457156658
2260	0.024676118046045303
2280	0.017973391339182854
2300	0.020403321832418442
2320	0.024857250973582268
2340	0.024506479501724243
2360	0.030291933566331863
2380	0.021117664873600006
2400	0.019814185798168182
2420	0.025682758539915085
2440	0.02605944126844406
2460	0.020862407982349396
2480	0.02258991077542305
2500	0.02355417236685753
2520	0.026090405881404877
2540	0.02239377051591873
2560	0.022290710359811783
2580	0.026870332658290863
2600	0.02089310809969902
2620	0.021294886246323586
2640	0.025868650525808334
2660	0.021056020632386208
2680	0.020286958664655685
2700	0.027521591633558273
2720	0.023534972220659256
2740	0.02354414574801922
2760	0.02009870857000351
2780	0.026652391999959946
2800	0.02083192579448223
2820	0.02206866815686226
2840	0.016404693946242332
2860	0.020975297316908836
2880	0.01994478702545166
2900	0.023948466405272484
2920	0.02400226891040802
2940	0.023753248155117035
2960	0.02315072901546955
2980	0.021963020786643028
3000	0.022787122055888176
3020	0.026227524504065514
3040	0.024534769356250763
3060	0.022361624985933304
3080	0.024741429835557938
3100	0.01833871193230152
3120	0.020641956478357315
3140	0.019305061548948288
3160	0.020674539729952812
3180	0.026176679879426956
3200	0.021306250244379044
3220	0.024689532816410065
3240	0.025519005954265594
3260	0.02542872168123722
3280	0.020350176841020584
3300	0.02298291027545929
3320	0.03292287513613701
3340	0.020948149263858795
3360	0.020012695342302322
3380	0.022683294489979744
3400	0.018197648227214813
3420	0.019716767594218254
3440	0.02143373154103756
3460	0.024562884122133255
3480	0.021330753341317177
3500	0.025934472680091858
3520	0.028264999389648438
3540	0.02484327368438244
3560	0.026497364044189453
3580	0.020346397534012794
3600	0.023562712594866753
3620	0.023964732885360718
3640	0.01922803744673729
3660	0.019183268770575523
3680	0.02017107792198658
3700	0.02328541688621044
3720	0.020430995151400566
3740	0.023719333112239838
3760	0.025555424392223358
3780	0.02054349146783352
3800	0.02717764861881733
3820	0.019610537216067314
3840	0.024662015959620476
3860	0.023353535681962967
3880	0.02239774912595749
3900	0.024893298745155334
3920	0.023649264127016068
3940	0.023792970925569534
3960	0.022043311968445778
3980	0.025550775229930878
4000	0.02257600612938404
4020	0.020812008529901505
4040	0.023176059126853943
4060	0.023075450211763382
4080	0.026293285191059113
4100	0.025083191692829132
4120	0.026820354163646698
4140	0.023572728037834167
4160	0.026433859020471573
4180	0.019446227699518204
4200	0.020138710737228394
4220	0.021351687610149384
4240	0.024327272549271584
4260	0.020094510167837143
4280	0.02323085442185402
4300	0.020831065252423286
4320	0.0207840483635664
4340	0.023469604551792145
4360	0.030610594898462296
4380	0.0247772466391325
4400	0.0186582263559103
4420	0.023607764393091202
4440	0.023225300014019012
4460	0.026943489909172058
4480	0.0216277576982975
4500	0.020985575392842293
4520	0.02079561911523342
4540	0.02192324958741665
4560	0.023578623309731483
4580	0.01942545548081398
4600	0.024555135518312454
4620	0.025355923920869827
4640	0.023707609623670578
4660	0.025389624759554863
4680	0.031943920999765396
4700	0.02485521510243416
4720	0.022769667208194733
4740	0.01905716024339199
4760	0.021795378997921944
4780	0.022003084421157837
4800	0.02528795599937439
4820	0.023772241547703743
4840	0.03309356048703194
4860	0.01867225393652916
4880	0.025260645896196365
4900	0.026274871081113815
4920	0.024970930069684982
4940	0.023265400901436806
4960	0.020731382071971893
4980	0.024987109005451202
5000	0.030040517449378967
5020	0.026463493704795837
5040	0.027499236166477203
5060	0.02298859879374504
5080	0.024934161454439163
5100	0.02302754670381546
5120	0.027695678174495697
5140	0.021395718678832054
5160	0.022288883104920387
5180	0.024150410667061806
5200	0.021426867693662643
5220	0.021116085350513458
5240	0.025425080209970474
5260	0.017180295661091805
5280	0.026172561571002007
5300	0.028481800109148026
5320	0.027524013072252274
5340	0.022536711767315865
5360	0.028360389173030853
5380	0.024249253794550896
5400	0.022214077413082123
5420	0.027966007590293884
5440	0.030026542022824287
5460	0.02801300212740898
5480	0.025495383888483047
5500	0.024323124438524246
5520	0.021811651065945625
5540	0.021624354645609856
5560	0.022338787093758583
5580	0.021719567477703094
5600	0.02245052345097065
5620	0.02272333763539791
5640	0.024151593446731567
5660	0.025919748470187187
5680	0.02132173255085945
5700	0.023938361555337906
5720	0.025423090904951096
5740	0.019435236230492592
5760	0.02041921578347683
5780	0.02517755888402462
5800	0.022041799500584602
5820	0.024318093433976173
5840	0.019570332020521164
5860	0.02452700398862362
5880	0.022252250462770462
5900	0.021604105830192566
5920	0.026250997558236122
5940	0.022295113652944565
5960	0.026580628007650375
5980	0.027021046727895737
6000	0.02208397537469864
6020	0.021355632692575455
6040	0.023216882720589638
6060	0.01989452727138996
6080	0.02616718038916588
6100	0.026539914309978485
6120	0.0260385163128376
6140	0.023966284468770027
6160	0.02627093344926834
6180	0.022751428186893463
6200	0.022084489464759827
6220	0.018838802352547646
6240	0.02257370948791504
6260	0.02019658498466015
6280	0.0227955374866724
6300	0.024701442569494247
6320	0.020616715773940086
6340	0.02499070204794407
6360	0.020098630338907242
6380	0.023303013294935226
6400	0.023221464827656746
6420	0.023199422284960747
6440	0.02237774431705475
6460	0.023887325078248978
6480	0.02464468404650688
6500	0.024263989180326462
6520	0.021882368251681328
6540	0.020683271810412407
6560	0.024762384593486786
6580	0.022547364234924316
6600	0.02691643312573433
6620	0.021219464018940926
6640	0.023256849497556686
6660	0.02362937480211258
6680	0.025389298796653748
6700	0.02503233775496483
6720	0.02007690817117691
6740	0.02024710737168789
6760	0.024800745770335197
6780	0.024100538343191147
6800	0.02063649520277977
6820	0.03102315589785576
6840	0.02245495654642582
6860	0.021054048091173172
6880	0.02340269461274147
6900	0.028342250734567642
6920	0.02126431278884411
6940	0.026563480496406555
6960	0.021824121475219727
6980	0.022355159744620323
7000	0.021019723266363144
7020	0.02861037850379944
7040	0.020573584362864494
7060	0.021955739706754684
7080	0.02059323899447918
7100	0.02188020944595337
7120	0.030529994517564774
7140	0.019974015653133392
7160	0.023116379976272583
7180	0.021036576479673386
7200	0.02139900252223015
7220	0.02380882017314434
7240	0.021306296810507774
7260	0.023588651791214943
7280	0.024178680032491684
7300	0.02507297322154045
7320	0.022356092929840088
7340	0.021642262116074562
7360	0.024498214945197105
7380	0.02349265106022358
7400	0.024518221616744995
7420	0.021850600838661194
7440	0.021607602015137672
7460	0.025920653715729713
7480	0.02428744174540043
7500	0.028194395825266838
7520	0.019641010090708733
7540	0.023737629875540733
7560	0.023360997438430786
7580	0.02395794168114662
7600	0.022836364805698395
7620	0.024173976853489876
7640	0.027795620262622833
7660	0.023336835205554962
7680	0.02620958909392357
7700	0.020922251045703888
7720	0.020182114094495773
7740	0.021292386576533318
7760	0.024500884115695953
7780	0.026413563638925552
7800	0.021286241710186005
7820	0.023933112621307373
7840	0.024325495585799217
7860	0.024414360523223877
7880	0.025939185172319412
7900	0.024021629244089127
7920	0.024665020406246185
7940	0.018590686842799187
7960	0.021648872643709183
7980	0.021717660129070282
8000	0.02345186099410057
8020	0.01982909068465233
8040	0.023497674614191055
8060	0.021988822147250175
8080	0.018722226843237877
8100	0.024930253624916077
8120	0.023809310048818588
8140	0.021170273423194885
8160	0.02697794698178768
8180	0.020369987934827805
8200	0.021581919863820076
8220	0.022595500573515892
8240	0.023494265973567963
8260	0.026188865303993225
8280	0.026621602475643158
8300	0.02326570637524128
8320	0.021494535729289055
8340	0.02183205634355545
8360	0.02375354990363121
8380	0.025831032544374466
8400	0.02171371877193451
8420	0.022543441504240036
8440	0.023958956822752953
8460	0.019401321187615395
8480	0.020185261964797974
8500	0.021742848679423332
8520	0.02450406551361084
8540	0.01941567473113537
8560	0.024482011795043945
8580	0.027101367712020874
8600	0.02101408690214157
8620	0.025018680840730667
8640	0.026717612519860268
8660	0.024547874927520752
8680	0.023854484781622887
8700	0.023148156702518463
8720	0.017574511468410492
8740	0.020212775096297264
8760	0.02494385465979576
8780	0.017723066732287407
8800	0.015304465778172016
8820	0.021312564611434937
8840	0.022673651576042175
8860	0.020683249458670616
8880	0.022464707493782043
8900	0.022319676354527473
8920	0.021204549819231033
8940	0.03190281242132187
8960	0.016138644888997078
8980	0.02416587620973587
9000	0.02420765720307827
9020	0.028602059930562973
9040	0.023036418482661247
9060	0.02933434024453163
9080	0.02315206453204155
9100	0.024840807542204857
9120	0.02288050949573517
9140	0.021680587902665138
9160	0.022885527461767197
9180	0.023324239999055862
9200	0.02159648947417736
9220	0.024354346096515656
9240	0.023854181170463562
9260	0.019261106848716736
9280	0.021624568849802017
9300	0.026046432554721832
9320	0.023088831454515457
9340	0.028157606720924377
9360	0.023806702345609665
9380	0.022369684651494026
9400	0.027221854776144028
9420	0.027010798454284668
9440	0.028804106637835503
9460	0.02069409377872944
9480	0.02032671682536602
9500	0.02364298328757286
9520	0.0294952429831028
9540	0.024970749393105507
9560	0.023266196250915527
9580	0.023874253034591675
9600	0.01985180750489235
9620	0.02390509471297264
9640	0.022287949919700623
9660	0.02748688869178295
9680	0.022953378036618233
9700	0.022884340956807137
9720	0.02226407080888748
9740	0.02176254615187645
9760	0.019713087007403374
9780	0.020962044596672058
9800	0.03191757947206497
9820	0.023551344871520996
9840	0.0217781662940979
9860	0.020310141146183014
9880	0.02705187164247036
9900	0.022269733250141144
9920	0.023846834897994995
9940	0.028451718389987946
9960	0.024222737178206444
9980	0.024398259818553925
