no.	maxl2sqr
8000	0.00413029920309782
8020	0.0020154821686446667
8040	0.0033318246714770794
8060	0.00290556438267231
8080	0.0015894529642537236
8100	0.005023745819926262
8120	0.005033540539443493
8140	0.001638791523873806
8160	0.005951371975243092
8180	0.001990279648452997
8200	0.0037935914006084204
8220	0.003616868518292904
8240	0.0042726690880954266
8260	0.00602329894900322
8280	0.006792536936700344
8300	0.003726937808096409
8320	0.002266373485326767
8340	0.00309195090085268
8360	0.004485918674618006
8380	0.005717187654227018
8400	0.002807802986353636
8420	0.003798895515501499
8440	0.003532812697812915
8460	0.0021727753337472677
8480	0.0022033245768398046
3500	0.006384784355759621
3520	0.0073752691969275475
3540	0.00505010224878788
3560	0.0063286274671554565
3580	0.002019912702962756
3600	0.003921020310372114
3620	0.004155994392931461
3640	0.0012130981776863337
3660	0.002067222259938717
3680	0.002554697450250387
3700	0.003883928060531616
3720	0.002343403175473213
3740	0.004166113678365946
3760	0.00609732698649168
3780	0.0023828691337257624
3800	0.006526836194097996
3820	0.0025786273181438446
3840	0.004608552902936935
3860	0.004793924279510975
3880	0.0031879290472716093
3900	0.004565991926938295
3920	0.005212174728512764
3940	0.004546266980469227
3960	0.0034069267567247152
3980	0.006206864956766367
1000	0.004244497511535883
1020	0.006954950280487537
1040	0.00622628815472126
1060	0.006040057633072138
1080	0.005216049961745739
1100	0.0047427816316485405
1120	0.004444479942321777
1140	0.0013882711064070463
1160	0.005053647793829441
1180	0.0025646090507507324
1200	0.004919672384858131
1220	0.0029971871990710497
1240	0.000988160027191043
1260	0.006198211573064327
1280	0.005892799701541662
1300	0.00030372475157491863
1320	0.0029889089055359364
1340	0.0053764041513204575
1360	0.005188656039535999
1380	0.0029031182639300823
1400	0.001548683736473322
1420	0.003698971588164568
1440	0.0028355568647384644
1460	0.0048737479373812675
1480	0.006199309136718512
7500	0.007476681377738714
7520	0.0013399224262684584
7540	0.004230579361319542
7560	0.0036876359954476357
7580	0.0040382626466453075
7600	0.0034414478577673435
7620	0.005398941226303577
7640	0.006507514510303736
7660	0.004869628697633743
7680	0.006654169876128435
7700	0.003098936751484871
7720	0.0017863016109913588
7740	0.002840193221345544
7760	0.005085980985313654
7780	0.005942204967141151
7800	0.002711634151637554
7820	0.003182474058121443
7840	0.005796453449875116
7860	0.004848366137593985
7880	0.005817194003611803
7900	0.004623450338840485
7920	0.004810406360775232
7940	0.001102051930502057
7960	0.004243046045303345
7980	0.0036864071153104305
9000	0.004751414526253939
9020	0.007753994781523943
9040	0.003352710045874119
9060	0.006797188892960548
9080	0.0030787005089223385
9100	0.005504877306520939
9120	0.004285777918994427
9140	0.0036839288659393787
9160	0.002982952632009983
9180	0.004788990132510662
9200	0.002044709399342537
9220	0.005341138690710068
9240	0.0030349469743669033
9260	0.0015716954367235303
9280	0.0036758421920239925
9300	0.005674319341778755
9320	0.003770576324313879
9340	0.008027955889701843
9360	0.004507027566432953
9380	0.0038067814894020557
9400	0.006569633260369301
9420	0.005950892809778452
9440	0.006986002437770367
9460	0.0020223536994308233
9480	0.0018231812864542007
9500	0.004216605797410011
9520	0.00866714958101511
9540	0.004161086864769459
9560	0.005090737249702215
9580	0.004701216705143452
9600	0.002482085023075342
9620	0.004265895113348961
9640	0.003500474151223898
9660	0.00639323890209198
9680	0.004866817966103554
9700	0.003978438675403595
9720	0.002980142831802368
9740	0.003467907663434744
9760	0.0036106437910348177
9780	0.0019751524087041616
9800	0.008585698902606964
9820	0.004309567157179117
9840	0.004198764450848103
9860	0.0020798989571630955
9880	0.006967478431761265
9900	0.0043825809843838215
9920	0.005010033026337624
9940	0.007034390699118376
9960	0.004913543350994587
9980	0.006054677534848452
3000	0.0031753843650221825
3020	0.00628313235938549
3040	0.005711314268410206
3060	0.004091196693480015
3080	0.005920676980167627
3100	0.0005032491753809154
3120	0.0021392605267465115
3140	0.0023971479386091232
3160	0.0028142223600298166
3180	0.006077065132558346
3200	0.003076571971178055
3220	0.005195974372327328
3240	0.006589516066014767
3260	0.005235742311924696
3280	0.0015903053572401404
3300	0.0029023243114352226
3320	0.011041895486414433
3340	0.002364965621381998
3360	0.0024496125988662243
3380	0.002776810899376869
3400	0.0026241489686071873
3420	0.0019139554351568222
3440	0.0032438328489661217
3460	0.005134352948516607
3480	0.0023340508341789246
0	0.004733678884804249
20	0.006252581253647804
40	0.006383012980222702
60	0.00392468087375164
80	0.002877477090805769
100	0.0025004944764077663
120	0.00296589988283813
140	0.003074732143431902
160	0.0034530579578131437
180	0.0049453419633209705
200	0.004673948045819998
220	0.004554667044430971
240	0.004598277620971203
260	0.005306941457092762
280	0.00655458215624094
300	0.003886590711772442
320	0.002241905080154538
340	0.0055437288247048855
360	0.0028480258770287037
380	0.0038418059702962637
400	0.007488899864256382
420	0.0014579812996089458
440	0.006345826666802168
460	0.0060521638952195644
480	0.00497382553294301
6000	0.003296591341495514
6020	0.0032096647191792727
6040	0.0045677958987653255
6060	0.0014603768941015005
6080	0.0061403121799230576
6100	0.005230403970927
6120	0.0039865849539637566
6140	0.004744804464280605
6160	0.005542632658034563
6180	0.003885212354362011
6200	0.004294995218515396
6220	0.0019530004356056452
6240	0.004879275802522898
6260	0.002331009367480874
6280	0.0038181790150702
6300	0.0054980190470814705
6320	0.0024151327088475227
6340	0.004518020898103714
6360	0.0016956145409494638
6380	0.004361940082162619
6400	0.005904045887291431
6420	0.003854846814647317
6440	0.0037652552127838135
6460	0.004088599234819412
6480	0.0058937277644872665
5500	0.0037302589043974876
5520	0.0040182615630328655
5540	0.003085887525230646
5560	0.0024626757949590683
5580	0.002602340653538704
5600	0.003800667356699705
5620	0.002474528271704912
5640	0.005011304747313261
5660	0.005390005186200142
5680	0.003771868534386158
5700	0.003912792075425386
5720	0.00505853071808815
5740	0.0017628505593165755
5760	0.0019966023974120617
5780	0.005898565985262394
5800	0.0035979116801172495
5820	0.003756875405088067
5840	0.0021393492352217436
5860	0.005749466363340616
5880	0.0033480781130492687
5900	0.0022296688985079527
5920	0.006787898950278759
5940	0.003503181040287018
5960	0.005349677987396717
5980	0.0065887500531971455
4000	0.003355222288519144
4020	0.0041241394355893135
4040	0.004070629831403494
4060	0.004022352863103151
4080	0.005207850597798824
4100	0.005637782625854015
4120	0.006217178888618946
4140	0.005743870045989752
4160	0.006062438245862722
4180	0.0018193675205111504
4200	0.0014919491950422525
4220	0.001769342226907611
4240	0.005461543798446655
4260	0.003242671024054289
4280	0.0038503871764987707
4300	0.0026659853756427765
4320	0.0034966813400387764
4340	0.00363819464109838
4360	0.008551400154829025
4380	0.005765050183981657
4400	0.002339791040867567
4420	0.004573125392198563
4440	0.004750827327370644
4460	0.006218028254806995
4480	0.004203565418720245
4500	0.002299446612596512
4520	0.0023494716733694077
4540	0.004130473826080561
4560	0.004156305454671383
4580	0.0015217707259580493
4600	0.005830798298120499
4620	0.006122495047748089
4640	0.003602722892537713
4660	0.005364903248846531
4680	0.009426075965166092
4700	0.005134393461048603
4720	0.0033788569271564484
4740	0.002246760530397296
4760	0.004671076778322458
4780	0.002892853459343314
4800	0.005872088484466076
4820	0.004462254699319601
4840	0.011214196681976318
4860	0.002442440949380398
4880	0.0053213052451610565
4900	0.006453663110733032
4920	0.005753726698458195
4940	0.004835640080273151
4960	0.002483523217961192
4980	0.0051132249645888805
6500	0.004247364588081837
6520	0.003225708846002817
6540	0.0018288267310708761
6560	0.004858226981014013
6580	0.004093016032129526
6600	0.00716975424438715
6620	0.003416147083044052
6640	0.005368633661419153
6660	0.004395144991576672
6680	0.00583527609705925
6700	0.005486597307026386
6720	0.0017671716632321477
6740	0.0014696065336465836
6760	0.004228396341204643
6780	0.004748926032334566
6800	0.0026676636189222336
6820	0.008452799171209335
6840	0.004358503967523575
6860	0.0031687163282185793
6880	0.005482899956405163
6900	0.007662499323487282
6920	0.002786308992654085
6940	0.005868312902748585
6960	0.003353821113705635
6980	0.004225276876240969
1500	0.006481042597442865
1520	0.002708285115659237
1540	0.0024891782086342573
1560	0.0072347684763371944
1580	0.004413175862282515
1600	0.0032378616742789745
1620	0.004770650994032621
1640	0.008799159899353981
1660	0.005481701344251633
1680	0.001490021706558764
1700	0.0037134953308850527
1720	0.0044312323443591595
1740	0.006333015859127045
1760	0.0024577591102570295
1780	0.005104697309434414
1800	0.0029620397835969925
1820	0.006691650953143835
1840	0.003956007771193981
1860	0.005931667517870665
1880	0.005471809767186642
1900	0.003628058359026909
1920	0.004004527349025011
1940	0.0053160968236625195
1960	0.005420767702162266
1980	0.0061776540242135525
500	0.004944790154695511
520	0.005869115702807903
540	0.009584084153175354
560	0.004460977390408516
580	0.0026321890763938427
600	0.004776244051754475
620	0.004028655588626862
640	0.002177362097427249
660	0.004002110566943884
680	0.0060435025952756405
700	0.005340985953807831
720	0.00235380744561553
740	0.004846151918172836
760	0.005715397652238607
780	0.006392235402017832
800	0.004385842010378838
820	0.003221876220777631
840	0.0076125673949718475
860	0.0017068381421267986
880	0.002290202071890235
900	0.0012868783669546247
920	0.0053740134462714195
940	0.007650785148143768
960	0.0058867596089839935
980	0.0016083233058452606
2500	0.003980744630098343
2520	0.005631493404507637
2540	0.00400295527651906
2560	0.0034926855005323887
2580	0.006401523482054472
2600	0.0038067838177084923
2620	0.0032446756958961487
2640	0.006871598772704601
2660	0.0020323710050433874
2680	0.0028234387282282114
2700	0.006727403029799461
2720	0.0031113182194530964
2740	0.0051347347907722
2760	0.001606893609277904
2780	0.007057168520987034
2800	0.0027590165846049786
2820	0.0036084135062992573
2840	0.004398549906909466
2860	0.0023019996006041765
2880	0.0017317334422841668
2900	0.005043420009315014
2920	0.004707343876361847
2940	0.0072523122653365135
2960	0.004467509221285582
2980	0.0032651624642312527
7000	0.0017749613616615534
7020	0.007720806170254946
7040	0.00321560213342309
7060	0.004086071625351906
7080	0.002523120492696762
7100	0.004498251713812351
7120	0.009617991745471954
7140	0.0019360356964170933
7160	0.0029483346734195948
7180	0.0030211484991014004
7200	0.0033147907815873623
7220	0.005242644809186459
7240	0.0024964141193777323
7260	0.0038572698831558228
7280	0.0037942049093544483
7300	0.004662469960749149
7320	0.003914459142833948
7340	0.003365221433341503
7360	0.0050052194856107235
7380	0.003942626528441906
7400	0.0043146973475813866
7420	0.0031305397860705853
7440	0.0030475982930511236
7460	0.003761441446840763
7480	0.004441787488758564
2000	0.004526781849563122
2020	0.005835403688251972
2040	0.0031107747927308083
2060	0.004013502970337868
2080	0.005009171087294817
2100	0.0016234556678682566
2120	0.004098894074559212
2140	0.006969647016376257
2160	0.002901926403865218
2180	0.00040567381074652076
2200	0.0016884462675079703
2220	0.005136443302035332
2240	0.003328596940264106
2260	0.006059280596673489
2280	0.001595594105310738
2300	0.0027034059166908264
2320	0.003993702586740255
2340	0.004361540079116821
2360	0.009365965612232685
2380	0.002714653732255101
2400	0.005701102316379547
2420	0.004879400599747896
2440	0.005062952637672424
2460	0.0031124339438974857
2480	0.0034954999573528767
5000	0.009093748405575752
5020	0.005246315151453018
5040	0.006300297100096941
5060	0.004106795880943537
5080	0.005027806852012873
5100	0.004520481452345848
5120	0.006064523942768574
5140	0.0019095774041488767
5160	0.003504726570099592
5180	0.0051612239331007
5200	0.002826760057359934
5220	0.003038073191419244
5240	0.0054017617367208
5260	0.0023557713720947504
5280	0.006504221353679895
5300	0.007800085470080376
5320	0.006892894860357046
5340	0.004132739268243313
5360	0.007584525737911463
5380	0.004879938438534737
5400	0.0036787372082471848
5420	0.007081580813974142
5440	0.00858057290315628
5460	0.009215032681822777
5480	0.006073166616261005
8500	0.002029100665822625
8520	0.004644791595637798
8540	0.0017192164668813348
8560	0.004962163046002388
8580	0.006323646754026413
8600	0.003609516192227602
8620	0.0050950911827385426
8640	0.0066309357061982155
8660	0.005897526163607836
8680	0.0043062083423137665
8700	0.003697197185829282
8720	0.0018104996997863054
8740	0.0028462205082178116
8760	0.005479719955474138
8780	0.0007899427437223494
8800	0.0028029861859977245
8820	0.005705987568944693
8840	0.003248026594519615
8860	0.0032850317656993866
8880	0.0036424132995307446
8900	0.003264038823544979
8920	0.0030059111304581165
8940	0.0095289908349514
8960	0.0006581894704140723
8980	0.004305888898670673
