idx	label	predict	radius	correct	time
0	0	394	0.0	0	0:00:04.167764
500	10	10	4.0	1	0:00:00.737921
1000	20	20	3.17e+02	1	0:06:21.346189
1500	30	30	3.17e+02	1	0:06:21.338527
2000	40	46	0.0	0	0:00:00.751686
2500	50	50	3.17e+02	1	0:07:21.613802
3000	60	61	0.0	0	0:00:00.758914
3500	70	70	3.17e+02	1	0:07:24.115015
4000	80	80	69.6	1	0:00:35.646363
4500	90	90	3.17e+02	1	0:07:20.454012
5000	100	100	3.17e+02	1	0:07:30.462025
5500	110	110	3.17e+02	1	0:07:27.947865
6000	120	39	0.0	0	0:00:03.187374
6500	130	130	3.17e+02	1	0:06:43.233071
7000	140	140	3.17e+02	1	0:06:25.512068
7500	150	360	0.0	0	0:00:00.754709
8000	160	160	1.24e+02	1	0:01:32.203960
8500	170	172	0.0	0	0:00:00.732053
9000	180	243	0.0	0	0:00:00.759642
9500	190	190	85.4	1	0:00:44.016706
10000	200	200	50.2	1	0:00:15.316106
10500	210	210	46.3	1	0:00:12.767849
11000	220	220	83.6	1	0:00:42.001378
11500	230	230	94.0	1	0:00:53.389075
12000	240	238	0.0	0	0:00:00.732260
12500	250	257	0.0	0	0:00:00.722816
13000	260	260	85.5	1	0:00:43.507808
13500	270	270	3.17e+02	1	0:06:23.399000
14000	280	280	60.4	1	0:00:22.797957
14500	290	290	3.17e+02	1	0:06:22.963024
15000	300	300	3.17e+02	1	0:06:24.601148
15500	310	310	3.17e+02	1	0:06:23.931488
16000	320	320	34.7	1	0:00:07.529267
16500	330	330	21.9	1	0:00:03.121315
17000	340	340	3.17e+02	1	0:06:23.828793
17500	350	350	3.17e+02	1	0:06:22.272210
18000	360	360	3.17e+02	1	0:06:23.319699
18500	370	370	3.17e+02	1	0:06:23.383054
19000	380	380	3.17e+02	1	0:06:25.664275
19500	390	390	3.17e+02	1	0:06:22.464877
20000	400	400	1.41	1	0:00:00.734840
20500	410	669	0.0	0	0:00:00.765688
21000	420	558	0.0	0	0:00:00.756483
21500	430	430	16.3	1	0:00:02.283240
22000	440	737	0.0	0	0:00:00.747554
22500	450	450	2.0	1	0:00:00.734254
23000	460	460	1.0	1	0:00:00.764291
23500	470	481	0.0	0	0:00:00.740557
24000	480	886	0.0	0	0:00:00.739646
24500	490	490	3.17e+02	1	0:06:24.193121
25000	500	500	3.17e+02	1	0:06:22.928027
25500	510	510	3.17e+02	1	0:06:22.955456
26000	520	520	3.17e+02	1	0:06:22.853214
26500	530	531	0.0	0	0:00:00.736595
27000	540	540	80.0	1	0:00:38.782959
27500	550	505	0.0	0	0:00:00.763248
28000	560	560	3.17e+02	1	0:06:23.821327
28500	570	818	0.0	0	0:00:00.762145
29000	580	738	0.0	0	0:00:00.779176
29500	590	590	6.0	1	0:00:00.765474
30000	600	517	0.0	0	0:00:00.773089
30500	610	610	15.3	1	0:00:01.566117
31000	620	681	0.0	0	0:00:00.788446
31500	630	703	0.0	0	0:00:00.765949
32000	640	640	3.17e+02	1	0:06:23.370418
32500	650	776	0.0	0	0:00:00.772882
33000	660	660	20.9	1	0:00:03.051697
33500	670	670	3.17e+02	1	0:06:25.695412
34000	680	712	0.0	0	0:00:00.746193
34500	690	690	14.3	1	0:00:01.544815
35000	700	700	21.2	1	0:00:03.156771
35500	710	855	0.0	0	0:00:00.762249
36000	720	720	1.0	1	0:00:00.768275
36500	730	856	0.0	0	0:00:00.783311
37000	740	845	0.0	0	0:00:00.769905
37500	750	208	0.0	0	0:00:00.759818
38000	760	799	0.0	0	0:00:00.782755
38500	770	770	1.0	1	0:00:00.766447
39000	780	484	0.0	0	0:00:00.782658
39500	790	791	0.0	0	0:00:00.772577
40000	800	800	3.17e+02	1	0:06:24.428727
40500	810	878	0.0	0	0:00:00.747720
41000	820	820	50.0	1	0:00:15.411008
41500	830	830	13.9	1	0:00:01.487549
42000	840	840	17.8	1	0:00:02.254641
42500	850	850	9.85	1	0:00:00.755213
43000	860	892	0.0	0	0:00:00.738973
43500	870	870	13.4	1	0:00:01.489913
44000	880	870	0.0	0	0:00:00.739309
44500	890	890	3.17e+02	1	0:06:23.438644
45000	900	900	3.17e+02	1	0:06:24.141157
45500	910	641	0.0	0	0:00:00.735678
46000	920	607	0.0	0	0:00:00.764937
46500	930	930	1.0	1	0:00:00.739304
47000	940	943	0.0	0	0:00:00.735152
47500	950	950	89.8	1	0:00:48.394398
48000	960	960	5.39	1	0:00:00.761644
48500	970	795	0.0	0	0:00:00.750542
49000	980	980	86.4	1	0:00:44.523545
49500	990	990	1.07e+02	1	0:01:08.271978
