idx	label	predict	radius	correct	time
0	0	395	0.0	0	0:00:04.228287
500	10	10	97.7	1	0:00:56.042226
1000	20	20	3.17e+02	1	0:07:40.008942
1500	30	30	3.17e+02	1	0:07:22.940905
2000	40	40	1.0	1	0:00:00.753568
2500	50	50	1.19e+02	1	0:01:37.031439
3000	60	56	0.0	0	0:00:00.747862
3500	70	70	1.31e+02	1	0:02:01.551052
4000	80	80	3.17e+02	1	0:07:35.067051
4500	90	90	3.17e+02	1	0:07:26.471768
5000	100	100	3.17e+02	1	0:07:00.302434
5500	110	110	3.17e+02	1	0:06:33.809444
6000	120	125	0.0	0	0:00:00.738779
6500	130	130	1.26e+02	1	0:01:34.646351
7000	140	140	3.17e+02	1	0:06:23.758352
7500	150	36	0.0	0	0:00:00.744541
8000	160	160	3.17e+02	1	0:06:24.384772
8500	170	172	0.0	0	0:00:00.749044
9000	180	243	0.0	0	0:00:00.764326
9500	190	190	3.17e+02	1	0:06:23.695498
10000	200	200	50.0	1	0:00:15.374464
10500	210	210	3.17e+02	1	0:06:23.309235
11000	220	220	3.17e+02	1	0:06:23.358200
11500	230	230	3.16	1	0:00:00.729415
12000	240	238	0.0	0	0:00:00.737990
12500	250	169	0.0	0	0:00:00.761076
13000	260	260	84.0	1	0:00:42.697275
13500	270	270	3.17e+02	1	0:06:24.111881
14000	280	280	75.4	1	0:00:34.145552
14500	290	290	3.17e+02	1	0:06:23.151233
15000	300	300	3.17e+02	1	0:06:23.876978
15500	310	310	3.17e+02	1	0:06:24.280679
16000	320	320	3.17e+02	1	0:06:24.994635
16500	330	330	1.41	1	0:00:00.760431
17000	340	340	3.17e+02	1	0:06:23.895629
17500	350	350	3.17e+02	1	0:06:23.682333
18000	360	360	59.8	1	0:00:22.052727
18500	370	370	3.17e+02	1	0:06:24.334728
19000	380	380	3.17e+02	1	0:06:23.225436
19500	390	390	1.09e+02	1	0:01:10.397124
20000	400	400	1.0	1	0:00:00.763853
20500	410	410	1.0	1	0:00:00.729868
21000	420	420	2.24	1	0:00:00.760495
21500	430	430	3.17e+02	1	0:06:23.553210
22000	440	737	0.0	0	0:00:00.772374
22500	450	802	0.0	0	0:00:00.742934
23000	460	978	0.0	0	0:00:00.740158
23500	470	454	0.0	0	0:00:00.763224
24000	480	582	0.0	0	0:00:00.724315
24500	490	490	3.17e+02	1	0:06:23.975772
25000	500	500	3.17e+02	1	0:06:25.227031
25500	510	510	3.17e+02	1	0:06:24.952601
26000	520	520	3.17e+02	1	0:06:24.193583
26500	530	531	0.0	0	0:00:00.758448
27000	540	540	3.17e+02	1	0:06:24.673123
27500	550	550	1.41	1	0:00:00.757402
28000	560	560	29.4	1	0:00:05.258322
28500	570	818	0.0	0	0:00:00.752895
29000	580	738	0.0	0	0:00:00.764140
29500	590	590	1.0	1	0:00:00.764137
30000	600	600	4.47	1	0:00:00.739320
30500	610	610	1.0	1	0:00:00.757797
31000	620	681	0.0	0	0:00:00.762263
31500	630	703	0.0	0	0:00:00.734277
32000	640	640	3.17e+02	1	0:06:23.913502
32500	650	819	0.0	0	0:00:00.756321
33000	660	660	2.0	1	0:00:00.735801
33500	670	670	3.17e+02	1	0:06:28.204686
34000	680	680	3.17e+02	1	0:06:26.502748
34500	690	690	64.0	1	0:00:25.385543
35000	700	700	82.2	1	0:00:41.335469
35500	710	804	0.0	0	0:00:00.764296
36000	720	720	1.0	1	0:00:00.733660
36500	730	856	0.0	0	0:00:00.756736
37000	740	691	0.0	0	0:00:00.756158
37500	750	208	0.0	0	0:00:00.736589
38000	760	760	1.0	1	0:00:00.742522
38500	770	770	3.16	1	0:00:00.763336
39000	780	914	0.0	0	0:00:00.735980
39500	790	790	1.0	1	0:00:00.775874
40000	800	800	3.17e+02	1	0:06:25.566272
40500	810	810	27.2	1	0:00:04.489374
41000	820	820	63.8	1	0:00:24.441029
41500	830	830	26.1	1	0:00:04.531129
42000	840	840	24.2	1	0:00:03.764246
42500	850	850	23.8	1	0:00:03.734738
43000	860	409	0.0	0	0:00:00.758940
43500	870	870	28.8	1	0:00:05.287884
44000	880	870	0.0	0	0:00:00.736643
44500	890	645	0.0	0	0:00:00.741535
45000	900	900	3.17e+02	1	0:06:24.159985
45500	910	641	0.0	0	0:00:00.719418
46000	920	607	0.0	0	0:00:00.727974
46500	930	930	3.17e+02	1	0:06:19.624359
47000	940	943	0.0	0	0:00:00.738632
47500	950	950	6.4	1	0:00:00.739253
48000	960	960	15.8	1	0:00:01.475256
48500	970	795	0.0	0	0:00:00.758635
49000	980	980	37.0	1	0:00:08.323851
49500	990	990	1.07e+02	1	0:01:09.158573
