idx	label	predict	radius	correct	time
0	7	7	13.2	1	0:00:00.496406
20	9	9	7.62	1	0:00:00.112097
40	1	1	15.6	1	0:00:00.116159
60	7	7	10.8	1	0:00:00.121030
80	7	7	10.4	1	0:00:00.143263
100	6	6	11.7	1	0:00:00.115789
120	5	5	9.43	1	0:00:00.121050
140	6	6	12.0	1	0:00:00.115843
160	4	4	3.0	1	0:00:00.144111
180	1	1	14.8	1	0:00:00.119425
200	3	3	11.0	1	0:00:00.120666
220	7	7	11.4	1	0:00:00.191914
240	5	5	10.6	1	0:00:00.125858
260	8	8	11.0	1	0:00:00.184446
280	2	2	11.7	1	0:00:00.163464
300	4	4	11.2	1	0:00:00.154964
320	9	9	1.0	1	0:00:00.120589
340	5	5	7.62	1	0:00:00.116351
360	4	4	8.94	1	0:00:00.115132
380	0	0	11.0	1	0:00:00.124837
400	2	2	9.9	1	0:00:00.127598
420	4	4	7.21	1	0:00:00.121922
440	0	0	12.4	1	0:00:00.115175
460	5	5	10.8	1	0:00:00.127539
480	1	1	12.4	1	0:00:00.119325
500	3	3	12.4	1	0:00:00.119438
520	8	8	10.8	1	0:00:00.131333
540	5	5	10.0	1	0:00:00.140059
560	9	9	11.0	1	0:00:00.127955
580	8	8	10.4	1	0:00:00.124836
600	6	6	12.2	1	0:00:00.117017
620	0	0	8.6	1	0:00:00.123838
640	1	1	13.0	1	0:00:00.115320
660	4	4	12.0	1	0:00:00.128986
680	6	6	12.0	1	0:00:00.116878
700	1	1	12.2	1	0:00:00.122597
720	5	5	8.49	1	0:00:00.121552
740	4	4	1.0	1	0:00:00.136399
760	4	4	11.0	1	0:00:00.119987
780	3	3	9.0	1	0:00:00.114806
800	8	8	9.43	1	0:00:00.118474
820	6	6	13.0	1	0:00:00.118233
840	1	1	13.9	1	0:00:00.139009
860	6	6	12.4	1	0:00:00.111796
880	7	7	11.2	1	0:00:00.113504
900	1	1	12.1	1	0:00:00.110962
920	1	1	17.8	1	0:00:00.111942
940	6	6	9.0	1	0:00:00.127449
960	7	7	9.06	1	0:00:00.157897
980	2	2	12.0	1	0:00:00.133966
1000	9	9	11.0	1	0:00:00.119977
1020	3	3	11.4	1	0:00:00.121161
1040	1	1	15.2	1	0:00:00.117588
1060	4	4	11.2	1	0:00:00.120000
1080	4	4	11.2	1	0:00:00.119145
1100	7	7	13.4	1	0:00:00.115008
1120	8	8	12.0	1	0:00:00.118342
1140	4	4	11.7	1	0:00:00.122841
1160	4	4	11.7	1	0:00:00.117964
1180	1	1	14.0	1	0:00:00.128197
1200	8	8	8.0	1	0:00:00.123103
1220	0	0	12.0	1	0:00:00.132969
1240	1	1	13.0	1	0:00:00.143832
1260	7	7	1.0	1	0:00:00.115694
1280	1	1	16.4	1	0:00:00.118866
1300	4	4	12.4	1	0:00:00.117759
1320	8	8	11.4	1	0:00:00.165628
1340	5	5	11.4	1	0:00:00.134623
1360	1	1	14.0	1	0:00:00.136225
1380	9	9	10.0	1	0:00:00.137432
1400	6	6	12.0	1	0:00:00.114705
1420	6	6	12.0	1	0:00:00.136904
1440	4	4	9.43	1	0:00:00.136463
1460	5	5	11.2	1	0:00:00.121004
1480	3	3	11.2	1	0:00:00.111420
1500	7	7	10.0	1	0:00:00.115609
1520	7	7	11.2	1	0:00:00.118267
1540	7	7	10.8	1	0:00:00.112497
1560	8	8	11.7	1	0:00:00.119816
1580	4	4	10.2	1	0:00:00.169837
1600	3	3	7.21	1	0:00:00.121269
1620	2	2	11.7	1	0:00:00.151958
1640	9	9	9.22	1	0:00:00.159200
1660	7	7	11.0	1	0:00:00.163792
1680	4	4	10.2	1	0:00:00.176771
1700	0	0	10.4	1	0:00:00.113548
1720	4	4	12.5	1	0:00:00.124432
1740	8	8	10.0	1	0:00:00.111689
1760	1	1	13.6	1	0:00:00.121099
1780	1	1	15.7	1	0:00:00.124841
1800	6	6	8.25	1	0:00:00.122544
1820	1	1	12.6	1	0:00:00.118350
1840	3	3	10.0	1	0:00:00.150165
1860	5	5	9.9	1	0:00:00.147749
1880	6	6	5.66	1	0:00:00.121264
1900	1	1	6.71	1	0:00:00.122793
1920	4	4	10.6	1	0:00:00.114937
1940	5	5	8.54	1	0:00:00.116191
1960	8	8	11.0	1	0:00:00.116561
1980	4	4	12.1	1	0:00:00.124076
2000	6	6	10.8	1	0:00:00.123777
2020	3	3	12.8	1	0:00:00.126254
2040	5	5	5.39	1	0:00:00.117682
2060	0	0	11.2	1	0:00:00.118269
2080	3	3	13.0	1	0:00:00.121100
2100	5	5	9.9	1	0:00:00.113710
2120	4	4	12.2	1	0:00:00.118775
2140	6	6	8.94	1	0:00:00.117516
2160	6	6	11.0	1	0:00:00.122837
2180	5	5	9.22	1	0:00:00.117286
2200	2	2	10.3	1	0:00:00.114861
2220	7	7	13.9	1	0:00:00.120693
2240	7	7	12.4	1	0:00:00.115701
2260	2	2	11.2	1	0:00:00.116003
2280	3	5	0.0	0	0:00:00.116583
2300	3	3	7.62	1	0:00:00.113132
2320	9	9	9.49	1	0:00:00.130697
2340	4	4	12.4	1	0:00:00.117851
2360	6	6	11.7	1	0:00:00.124743
2380	9	9	2.24	1	0:00:00.121696
2400	5	5	7.0	1	0:00:00.119674
2420	9	9	8.54	1	0:00:00.118115
2440	4	4	10.2	1	0:00:00.117649
2460	5	5	9.49	1	0:00:00.115605
2480	7	7	8.94	1	0:00:00.110212
2500	2	2	11.2	1	0:00:00.122427
2520	8	8	11.2	1	0:00:00.120731
2540	5	5	8.06	1	0:00:00.136308
2560	3	3	7.81	1	0:00:00.134288
2580	6	6	10.0	1	0:00:00.116150
2600	8	8	11.4	1	0:00:00.123756
2620	6	6	12.0	1	0:00:00.143708
2640	8	8	11.3	1	0:00:00.132310
2660	0	0	10.0	1	0:00:00.134441
2680	4	4	12.0	1	0:00:00.131320
2700	7	7	12.5	1	0:00:00.130461
2720	9	9	2.0	1	0:00:00.151452
2740	9	9	7.07	1	0:00:00.133973
2760	9	9	1.0	1	0:00:00.122610
2780	2	2	8.6	1	0:00:00.192262
2800	8	8	9.85	1	0:00:00.121750
2820	7	7	11.0	1	0:00:00.117779
2840	3	3	12.5	1	0:00:00.127235
2860	6	6	8.25	1	0:00:00.121796
2880	1	1	15.2	1	0:00:00.115774
2900	4	4	10.8	1	0:00:00.132382
2920	6	6	10.8	1	0:00:00.169187
2940	2	2	10.2	1	0:00:00.120268
2960	8	8	9.85	1	0:00:00.123329
2980	6	6	10.8	1	0:00:00.115709
3000	6	6	11.0	1	0:00:00.110758
3020	0	0	10.6	1	0:00:00.113809
3040	7	7	13.0	1	0:00:00.120752
3060	9	9	5.1	1	0:00:00.124998
3080	3	3	13.5	1	0:00:00.119160
3100	5	5	7.0	1	0:00:00.118286
3120	3	3	11.2	1	0:00:00.190203
3140	0	0	12.2	1	0:00:00.169484
3160	9	9	7.62	1	0:00:00.175697
3180	2	2	11.0	1	0:00:00.127401
3200	9	9	10.8	1	0:00:00.118472
3220	5	5	12.0	1	0:00:00.112179
3240	9	9	8.25	1	0:00:00.112740
3260	2	2	10.6	1	0:00:00.116305
3280	2	2	9.06	1	0:00:00.125209
3300	3	3	7.81	1	0:00:00.119551
3320	1	1	15.7	1	0:00:00.123454
3340	8	8	10.6	1	0:00:00.125534
3360	7	7	12.4	1	0:00:00.156522
3380	1	1	16.4	1	0:00:00.121741
3400	7	7	12.4	1	0:00:00.130548
3420	1	1	15.8	1	0:00:00.133942
3440	8	8	11.0	1	0:00:00.117954
3460	9	9	7.07	1	0:00:00.125170
3480	1	1	13.9	1	0:00:00.124485
3500	4	4	12.6	1	0:00:00.117975
3520	6	6	1.0	1	0:00:00.113821
3540	0	0	9.0	1	0:00:00.157520
3560	6	6	12.2	1	0:00:00.122533
3580	7	7	10.8	1	0:00:00.116091
3600	2	2	10.8	1	0:00:00.121564
3620	3	3	12.0	1	0:00:00.118768
3640	0	0	10.6	1	0:00:00.114731
3660	0	0	13.0	1	0:00:00.121534
3680	0	0	10.0	1	0:00:00.116316
3700	4	4	12.5	1	0:00:00.133745
3720	7	7	13.0	1	0:00:00.120366
3740	3	3	10.3	1	0:00:00.129713
3760	9	9	12.1	1	0:00:00.169283
3780	4	6	0.0	0	0:00:00.164137
3800	6	6	9.06	1	0:00:00.166771
3820	9	9	8.0	1	0:00:00.175997
3840	9	9	10.0	1	0:00:00.119071
3860	5	5	10.6	1	0:00:00.121442
3880	8	8	10.8	1	0:00:00.136662
3900	1	1	14.8	1	0:00:00.123230
3920	7	7	12.4	1	0:00:00.116099
3940	0	0	10.0	1	0:00:00.114959
3960	5	5	12.0	1	0:00:00.118040
3980	0	0	12.0	1	0:00:00.117950
4000	9	9	9.9	1	0:00:00.123831
4020	8	8	10.8	1	0:00:00.121399
4040	9	9	12.1	1	0:00:00.145899
4060	4	4	10.8	1	0:00:00.117238
4080	0	0	10.4	1	0:00:00.200809
4100	2	2	9.0	1	0:00:00.129986
4120	3	3	13.4	1	0:00:00.121922
4140	8	8	8.06	1	0:00:00.123162
4160	6	6	7.81	1	0:00:00.119558
4180	2	2	8.49	1	0:00:00.115959
4200	7	7	12.2	1	0:00:00.112643
4220	3	3	13.0	1	0:00:00.131657
4240	9	9	10.2	1	0:00:00.127636
4260	2	2	10.0	1	0:00:00.123747
4280	9	9	12.0	1	0:00:00.121800
4300	5	5	7.07	1	0:00:00.123549
4320	0	0	12.5	1	0:00:00.168582
4340	5	5	10.8	1	0:00:00.126436
4360	5	5	5.0	1	0:00:00.153201
4380	8	8	6.08	1	0:00:00.117894
4400	7	7	7.07	1	0:00:00.113768
4420	5	5	10.4	1	0:00:00.117078
4440	5	5	10.0	1	0:00:00.118107
4460	7	7	12.2	1	0:00:00.114399
4480	9	9	9.9	1	0:00:00.125604
4500	9	9	4.47	1	0:00:00.132444
4520	5	5	11.7	1	0:00:00.132327
4540	7	7	8.94	1	0:00:00.111359
4560	9	9	10.0	1	0:00:00.118530
4580	1	1	14.8	1	0:00:00.124998
4600	3	3	13.9	1	0:00:00.124445
4620	6	6	5.0	1	0:00:00.117285
4640	8	8	9.9	1	0:00:00.118497
4660	7	7	9.49	1	0:00:00.123986
4680	6	6	12.2	1	0:00:00.131733
4700	9	9	11.4	1	0:00:00.125098
4720	0	0	7.81	1	0:00:00.124253
4740	3	5	0.0	0	0:00:00.120106
4760	7	7	12.2	1	0:00:00.122668
4780	0	0	11.7	1	0:00:00.114398
4800	7	7	13.3	1	0:00:00.152212
4820	8	8	11.0	1	0:00:00.127718
4840	9	9	11.0	1	0:00:00.126703
4860	4	4	2.0	1	0:00:00.151151
4880	0	0	7.28	1	0:00:00.149329
4900	7	7	12.5	1	0:00:00.122700
4920	2	2	13.5	1	0:00:00.124821
4940	3	3	11.2	1	0:00:00.124356
4960	8	8	11.0	1	0:00:00.167355
4980	6	6	10.8	1	0:00:00.137457
5000	3	3	11.4	1	0:00:00.126854
5020	5	5	9.22	1	0:00:00.129183
5040	7	7	13.0	1	0:00:00.134390
5060	9	9	11.2	1	0:00:00.129431
5080	9	9	12.4	1	0:00:00.168672
5100	9	9	11.7	1	0:00:00.160462
5120	2	2	12.1	1	0:00:00.174289
5140	3	3	6.08	1	0:00:00.137678
5160	5	5	9.0	1	0:00:00.122114
5180	7	7	10.0	1	0:00:00.119533
5200	4	4	10.6	1	0:00:00.119026
5220	9	9	12.0	1	0:00:00.135406
5240	7	7	10.8	1	0:00:00.120651
5260	4	4	9.0	1	0:00:00.113574
5280	0	0	13.3	1	0:00:00.174827
5300	8	8	10.8	1	0:00:00.159726
5320	0	0	12.4	1	0:00:00.124840
5340	2	2	13.4	1	0:00:00.173329
5360	8	8	10.0	1	0:00:00.158159
5380	8	8	9.0	1	0:00:00.116115
5400	5	5	10.3	1	0:00:00.129889
5420	5	5	9.85	1	0:00:00.163552
5440	4	4	12.4	1	0:00:00.181319
5460	1	1	15.7	1	0:00:00.136408
5480	5	5	10.8	1	0:00:00.114842
5500	4	4	11.2	1	0:00:00.152211
5520	1	1	13.9	1	0:00:00.123174
5540	7	7	12.6	1	0:00:00.142884
5560	7	7	12.4	1	0:00:00.121844
5580	9	9	12.0	1	0:00:00.116684
5600	7	7	10.0	1	0:00:00.121039
5620	7	7	8.94	1	0:00:00.119651
5640	7	7	12.6	1	0:00:00.122192
5660	6	6	12.2	1	0:00:00.128746
5680	8	8	10.4	1	0:00:00.128654
5700	3	3	11.7	1	0:00:00.123337
5720	4	4	10.3	1	0:00:00.151263
5740	3	3	10.3	1	0:00:00.130978
5760	3	3	12.2	1	0:00:00.120565
5780	3	3	14.3	1	0:00:00.128813
5800	9	9	10.0	1	0:00:00.132547
5820	2	2	12.7	1	0:00:00.164166
5840	2	2	11.0	1	0:00:00.174055
5860	3	3	13.0	1	0:00:00.197394
5880	1	1	14.3	1	0:00:00.130056
5900	4	4	13.0	1	0:00:00.114089
5920	6	6	12.6	1	0:00:00.116780
5940	8	8	11.0	1	0:00:00.168630
5960	8	8	10.8	1	0:00:00.183328
5980	0	0	11.2	1	0:00:00.159983
6000	9	9	10.0	1	0:00:00.183572
6020	6	6	11.4	1	0:00:00.178226
6040	0	0	11.7	1	0:00:00.132048
6060	1	1	13.0	1	0:00:00.116669
6080	8	8	7.28	1	0:00:00.114713
6100	4	4	12.1	1	0:00:00.117387
6120	5	5	11.3	1	0:00:00.115883
6140	0	0	10.2	1	0:00:00.141113
6160	3	3	13.6	1	0:00:00.136264
6180	2	2	11.2	1	0:00:00.158379
6200	9	9	11.4	1	0:00:00.150337
6220	4	4	13.0	1	0:00:00.121229
6240	2	2	11.4	1	0:00:00.124527
6260	3	3	13.5	1	0:00:00.136873
6280	0	0	12.5	1	0:00:00.120206
6300	4	4	13.0	1	0:00:00.122748
6320	1	1	14.6	1	0:00:00.117533
6340	2	2	11.2	1	0:00:00.113698
6360	7	7	10.0	1	0:00:00.134465
6380	7	7	12.1	1	0:00:00.155576
6400	0	0	2.0	1	0:00:00.122475
6420	9	9	11.0	1	0:00:00.134592
6440	3	3	14.1	1	0:00:00.129156
6460	4	4	8.54	1	0:00:00.114806
6480	2	2	8.54	1	0:00:00.119873
6500	5	5	10.8	1	0:00:00.181254
6520	9	9	10.0	1	0:00:00.192816
6540	1	1	13.6	1	0:00:00.162091
6560	9	9	2.0	1	0:00:00.160892
6580	0	0	9.9	1	0:00:00.155612
6600	5	5	7.21	1	0:00:00.150813
6620	5	5	10.4	1	0:00:00.159654
6640	7	7	12.6	1	0:00:00.158287
6660	4	4	10.0	1	0:00:00.150120
6680	1	1	14.8	1	0:00:00.152932
6700	4	4	9.0	1	0:00:00.156486
6720	1	1	13.3	1	0:00:00.139356
6740	9	9	7.0	1	0:00:00.140926
6760	0	0	10.8	1	0:00:00.123289
6780	4	4	9.06	1	0:00:00.129142
6800	2	2	11.0	1	0:00:00.142976
6820	2	2	12.5	1	0:00:00.114163
6840	3	3	13.4	1	0:00:00.138675
6860	5	5	9.9	1	0:00:00.117972
6880	5	5	9.22	1	0:00:00.115656
6900	6	6	12.1	1	0:00:00.125691
6920	2	2	10.4	1	0:00:00.121719
6940	3	3	13.6	1	0:00:00.121691
6960	7	7	13.9	1	0:00:00.122778
6980	9	9	10.4	1	0:00:00.141017
7000	1	1	15.3	1	0:00:00.134010
7020	6	6	11.0	1	0:00:00.120579
7040	3	3	12.2	1	0:00:00.123928
7060	8	8	11.3	1	0:00:00.174478
7080	8	8	10.8	1	0:00:00.123015
7100	2	2	13.4	1	0:00:00.120626
7120	2	2	12.5	1	0:00:00.143463
7140	3	3	13.4	1	0:00:00.122773
7160	5	5	9.43	1	0:00:00.125781
7180	7	7	13.4	1	0:00:00.195805
7200	8	8	10.3	1	0:00:00.155616
7220	8	8	9.06	1	0:00:00.139893
7240	5	5	9.06	1	0:00:00.193676
7260	7	7	11.4	1	0:00:00.136604
7280	1	1	14.8	1	0:00:00.131591
7300	7	7	12.6	1	0:00:00.138226
7320	7	7	11.2	1	0:00:00.115610
7340	1	1	15.3	1	0:00:00.121008
7360	9	9	12.6	1	0:00:00.133535
7380	9	9	12.0	1	0:00:00.143160
7400	2	2	12.8	1	0:00:00.123672
7420	2	2	10.8	1	0:00:00.135317
7440	0	0	11.4	1	0:00:00.137237
7460	7	7	13.0	1	0:00:00.136541
7480	1	1	13.0	1	0:00:00.120499
7500	8	8	11.7	1	0:00:00.115474
7520	4	4	9.0	1	0:00:00.122965
7540	6	6	12.2	1	0:00:00.112426
7560	4	4	11.2	1	0:00:00.128358
7580	9	9	9.22	1	0:00:00.121716
7600	1	1	12.4	1	0:00:00.118939
7620	3	3	12.0	1	0:00:00.117460
7640	9	9	10.0	1	0:00:00.122726
7660	8	8	11.4	1	0:00:00.142434
7680	9	9	10.0	1	0:00:00.119265
7700	9	9	12.2	1	0:00:00.120486
7720	8	8	7.62	1	0:00:00.116134
7740	3	3	13.0	1	0:00:00.122026
7760	7	7	13.5	1	0:00:00.138949
7780	0	0	12.0	1	0:00:00.130817
7800	3	3	6.71	1	0:00:00.120396
7820	0	0	10.4	1	0:00:00.113348
7840	2	2	11.7	1	0:00:00.120500
7860	6	6	12.0	1	0:00:00.120080
7880	6	6	12.7	1	0:00:00.114605
7900	1	1	8.54	1	0:00:00.117342
7920	1	1	8.6	1	0:00:00.128798
7940	7	7	11.2	1	0:00:00.145330
7960	7	7	10.2	1	0:00:00.117235
7980	1	1	13.9	1	0:00:00.113069
8000	4	4	9.0	1	0:00:00.117894
8020	1	1	12.2	1	0:00:00.124851
8040	6	6	12.4	1	0:00:00.194692
8060	3	3	13.9	1	0:00:00.163371
8080	3	3	13.9	1	0:00:00.151901
8100	1	1	14.6	1	0:00:00.135431
8120	3	3	13.0	1	0:00:00.108843
8140	3	3	12.5	1	0:00:00.163180
8160	5	5	9.49	1	0:00:00.123775
8180	5	5	10.8	1	0:00:00.142023
8200	6	6	10.0	1	0:00:00.152976
8220	4	4	11.2	1	0:00:00.114427
8240	6	6	11.0	1	0:00:00.123971
8260	0	0	10.0	1	0:00:00.129488
8280	4	4	10.2	1	0:00:00.124083
8300	8	8	10.8	1	0:00:00.119783
8320	2	2	11.2	1	0:00:00.115027
8340	1	1	13.3	1	0:00:00.113953
8360	1	1	12.4	1	0:00:00.120490
8380	6	6	12.0	1	0:00:00.117960
8400	4	4	11.2	1	0:00:00.129568
8420	1	1	14.3	1	0:00:00.121673
8440	8	8	11.0	1	0:00:00.114390
8460	2	2	11.2	1	0:00:00.110601
8480	7	7	13.6	1	0:00:00.155332
8500	4	4	11.4	1	0:00:00.169276
8520	4	4	1.0	1	0:00:00.176124
8540	1	1	13.3	1	0:00:00.120114
8560	2	2	12.1	1	0:00:00.116853
8580	6	6	11.4	1	0:00:00.107817
8600	1	1	14.8	1	0:00:00.118931
8620	7	7	12.5	1	0:00:00.117157
8640	9	9	12.0	1	0:00:00.131747
8660	3	3	13.0	1	0:00:00.134375
8680	9	9	11.0	1	0:00:00.119147
8700	9	9	11.0	1	0:00:00.118578
8720	1	1	13.6	1	0:00:00.129070
8740	1	1	14.6	1	0:00:00.114002
8760	6	6	12.2	1	0:00:00.122654
8780	3	3	13.6	1	0:00:00.127801
8800	2	2	12.1	1	0:00:00.119268
8820	2	2	13.4	1	0:00:00.171887
8840	3	3	14.8	1	0:00:00.115099
8860	3	3	14.2	1	0:00:00.116132
8880	2	2	12.1	1	0:00:00.119828
8900	9	9	12.2	1	0:00:00.124443
8920	9	9	11.0	1	0:00:00.122219
8940	5	5	8.94	1	0:00:00.121745
8960	4	4	11.4	1	0:00:00.126632
8980	1	1	10.0	1	0:00:00.115966
9000	7	7	12.2	1	0:00:00.150839
9020	8	8	12.0	1	0:00:00.119075
9040	6	6	8.06	1	0:00:00.160422
9060	0	0	12.0	1	0:00:00.142404
9080	0	0	12.0	1	0:00:00.146535
9100	3	3	12.1	1	0:00:00.130144
9120	1	1	14.8	1	0:00:00.125306
9140	1	1	14.8	1	0:00:00.130932
9160	5	5	11.4	1	0:00:00.132423
9180	1	1	11.0	1	0:00:00.129942
9200	1	1	10.0	1	0:00:00.129414
9220	0	0	11.0	1	0:00:00.126048
9240	6	6	8.06	1	0:00:00.166331
9260	5	5	11.0	1	0:00:00.167359
9280	8	8	5.0	1	0:00:00.158571
9300	7	7	12.2	1	0:00:00.220542
9320	4	4	11.2	1	0:00:00.123122
9340	7	7	12.8	1	0:00:00.117424
9360	5	5	11.3	1	0:00:00.117081
9380	3	3	10.8	1	0:00:00.131886
9400	5	5	8.0	1	0:00:00.145321
9420	8	8	12.6	1	0:00:00.126508
9440	0	0	11.4	1	0:00:00.120122
9460	3	3	12.5	1	0:00:00.113713
9480	2	2	11.7	1	0:00:00.120067
9500	2	2	12.8	1	0:00:00.116835
9520	1	1	15.3	1	0:00:00.119723
9540	1	1	5.0	1	0:00:00.121596
9560	7	7	10.3	1	0:00:00.198300
9580	9	9	9.0	1	0:00:00.131651
9600	5	5	11.4	1	0:00:00.122178
9620	9	9	7.0	1	0:00:00.225367
9640	7	7	12.0	1	0:00:00.165130
9660	7	7	11.7	1	0:00:00.123103
9680	3	3	12.5	1	0:00:00.118799
9700	2	2	8.94	1	0:00:00.124924
9720	6	6	9.0	1	0:00:00.132374
9740	9	9	7.81	1	0:00:00.117567
9760	1	1	15.8	1	0:00:00.124623
9780	8	8	7.07	1	0:00:00.148896
9800	0	0	9.22	1	0:00:00.143816
9820	2	2	9.0	1	0:00:00.147131
9840	3	3	8.54	1	0:00:00.119843
9860	3	3	13.0	1	0:00:00.122020
9880	2	2	9.06	1	0:00:00.125828
9900	8	8	10.8	1	0:00:00.124511
9920	8	8	11.4	1	0:00:00.127852
9940	6	6	9.85	1	0:00:00.113574
9960	4	4	13.0	1	0:00:00.111118
9980	2	2	9.85	1	0:00:00.117303
