idx	label	predict	radius	correct	time
0	7	7	39.6	1	0:00:00.994657
20	9	9	12.0	1	0:00:00.137524
40	1	1	39.6	1	0:00:00.389448
60	7	7	39.6	1	0:00:00.395836
80	7	7	39.6	1	0:00:00.485028
100	6	6	39.6	1	0:00:00.434303
120	5	5	39.6	1	0:00:00.456975
140	6	6	39.6	1	0:00:00.457063
160	4	4	8.6	1	0:00:00.197239
180	1	1	39.6	1	0:00:00.422040
200	3	3	12.1	1	0:00:00.119442
220	7	7	11.3	1	0:00:00.140262
240	5	5	39.6	1	0:00:00.414351
260	8	8	39.6	1	0:00:00.408567
280	2	2	39.6	1	0:00:00.391417
300	4	4	39.6	1	0:00:00.452351
320	9	9	7.62	1	0:00:00.130767
340	5	5	2.0	1	0:00:00.127470
360	4	4	39.6	1	0:00:00.436102
380	0	0	9.22	1	0:00:00.154082
400	2	2	15.0	1	0:00:00.172398
420	4	4	39.6	1	0:00:00.404776
440	0	0	39.6	1	0:00:00.492079
460	5	5	16.4	1	0:00:00.169347
480	1	1	39.6	1	0:00:00.437831
500	3	3	39.6	1	0:00:00.444155
520	8	8	39.6	1	0:00:00.422090
540	5	5	39.6	1	0:00:00.454124
560	9	9	39.6	1	0:00:00.444325
580	8	8	39.6	1	0:00:00.451979
600	6	6	39.6	1	0:00:00.440064
620	0	0	39.6	1	0:00:00.408715
640	1	1	39.6	1	0:00:00.439528
660	4	4	39.6	1	0:00:00.411963
680	6	6	39.6	1	0:00:00.394568
700	1	1	39.6	1	0:00:00.464759
720	5	5	1.41	1	0:00:00.168209
740	4	4	6.0	1	0:00:00.120866
760	4	4	39.6	1	0:00:00.395867
780	3	3	9.85	1	0:00:00.135419
800	8	8	39.6	1	0:00:00.435560
820	6	6	39.6	1	0:00:00.411260
840	1	1	39.6	1	0:00:00.420316
860	6	6	39.6	1	0:00:00.489095
880	7	7	39.6	1	0:00:00.434055
900	1	1	39.6	1	0:00:00.427477
920	1	1	39.6	1	0:00:00.410076
940	6	6	12.0	1	0:00:00.166888
960	7	7	39.6	1	0:00:00.434094
980	2	2	39.6	1	0:00:00.442832
1000	9	9	39.6	1	0:00:00.448877
1020	3	3	39.6	1	0:00:00.503435
1040	1	1	39.6	1	0:00:00.508256
1060	4	4	39.6	1	0:00:00.489978
1080	4	4	39.6	1	0:00:00.480566
1100	7	7	39.6	1	0:00:00.512336
1120	8	8	39.6	1	0:00:00.403142
1140	4	4	39.6	1	0:00:00.427128
1160	4	4	39.6	1	0:00:00.446131
1180	1	1	39.6	1	0:00:00.462852
1200	8	8	39.6	1	0:00:00.502826
1220	0	0	39.6	1	0:00:00.417718
1240	1	1	39.6	1	0:00:00.442137
1260	7	1	0.0	0	0:00:00.149328
1280	1	1	39.6	1	0:00:00.443783
1300	4	4	39.6	1	0:00:00.442443
1320	8	8	39.6	1	0:00:00.436183
1340	5	5	39.6	1	0:00:00.458348
1360	1	1	39.6	1	0:00:00.409245
1380	9	9	39.6	1	0:00:00.416760
1400	6	6	39.6	1	0:00:00.420387
1420	6	6	39.6	1	0:00:00.414755
1440	4	4	39.6	1	0:00:00.548054
1460	5	5	39.6	1	0:00:00.404926
1480	3	3	39.6	1	0:00:00.421623
1500	7	7	6.08	1	0:00:00.129187
1520	7	7	39.6	1	0:00:00.507310
1540	7	7	39.6	1	0:00:00.487247
1560	8	8	39.6	1	0:00:00.413043
1580	4	4	39.6	1	0:00:00.442393
1600	3	3	11.3	1	0:00:00.138413
1620	2	2	39.6	1	0:00:00.420093
1640	9	9	39.6	1	0:00:00.462781
1660	7	7	39.6	1	0:00:00.406397
1680	4	4	39.6	1	0:00:00.396780
1700	0	0	39.6	1	0:00:00.426457
1720	4	4	39.6	1	0:00:00.452403
1740	8	8	39.6	1	0:00:00.425889
1760	1	1	39.6	1	0:00:00.421152
1780	1	1	39.6	1	0:00:00.413591
1800	6	6	10.0	1	0:00:00.118618
1820	1	1	39.6	1	0:00:00.409380
1840	3	3	39.6	1	0:00:00.427096
1860	5	5	12.2	1	0:00:00.198150
1880	6	6	8.6	1	0:00:00.143613
1900	1	1	1.0	1	0:00:00.123114
1920	4	4	39.6	1	0:00:00.427298
1940	5	5	13.0	1	0:00:00.132365
1960	8	8	39.6	1	0:00:00.414042
1980	4	4	39.6	1	0:00:00.424530
2000	6	6	8.06	1	0:00:00.120046
2020	3	3	39.6	1	0:00:00.432385
2040	5	5	2.0	1	0:00:00.123888
2060	0	0	17.0	1	0:00:00.201014
2080	3	3	39.6	1	0:00:00.423630
2100	5	5	39.6	1	0:00:00.397570
2120	4	4	39.6	1	0:00:00.406378
2140	6	6	39.6	1	0:00:00.408289
2160	6	6	12.0	1	0:00:00.126036
2180	5	5	39.6	1	0:00:00.424978
2200	2	2	7.28	1	0:00:00.130481
2220	7	7	39.6	1	0:00:00.452519
2240	7	7	39.6	1	0:00:00.440141
2260	2	2	39.6	1	0:00:00.388284
2280	3	5	0.0	0	0:00:00.157252
2300	3	3	15.6	1	0:00:00.122209
2320	9	9	17.7	1	0:00:00.131272
2340	4	4	39.6	1	0:00:00.404483
2360	6	6	39.6	1	0:00:00.430754
2380	9	9	6.71	1	0:00:00.114114
2400	5	5	39.6	1	0:00:00.399662
2420	9	9	39.6	1	0:00:00.394164
2440	4	4	39.6	1	0:00:00.446197
2460	5	5	39.6	1	0:00:00.432850
2480	7	7	10.8	1	0:00:00.174986
2500	2	2	39.6	1	0:00:00.456738
2520	8	8	39.6	1	0:00:00.426346
2540	5	5	39.6	1	0:00:00.386793
2560	3	3	39.6	1	0:00:00.404502
2580	6	6	39.6	1	0:00:00.408906
2600	8	8	39.6	1	0:00:00.408717
2620	6	6	39.6	1	0:00:00.484857
2640	8	8	39.6	1	0:00:00.409212
2660	0	0	39.6	1	0:00:00.430040
2680	4	4	39.6	1	0:00:00.403192
2700	7	7	39.6	1	0:00:00.418459
2720	9	9	8.06	1	0:00:00.126904
2740	9	9	39.6	1	0:00:00.381347
2760	9	9	3.0	1	0:00:00.134473
2780	2	2	9.0	1	0:00:00.127502
2800	8	8	12.1	1	0:00:00.128289
2820	7	7	39.6	1	0:00:00.395045
2840	3	3	39.6	1	0:00:00.461714
2860	6	6	6.0	1	0:00:00.151418
2880	1	1	39.6	1	0:00:00.437119
2900	4	4	39.6	1	0:00:00.430879
2920	6	6	39.6	1	0:00:00.402205
2940	2	2	39.6	1	0:00:00.464485
2960	8	8	39.6	1	0:00:00.383638
2980	6	6	39.6	1	0:00:00.417087
3000	6	6	39.6	1	0:00:00.462749
3020	0	0	39.6	1	0:00:00.444591
3040	7	7	39.6	1	0:00:00.433142
3060	9	1	0.0	0	0:00:00.123128
3080	3	3	39.6	1	0:00:00.406182
3100	5	5	8.0	1	0:00:00.139218
3120	3	3	39.6	1	0:00:00.412698
3140	0	0	39.6	1	0:00:00.448726
3160	9	9	11.2	1	0:00:00.123966
3180	2	2	39.6	1	0:00:00.438318
3200	9	9	39.6	1	0:00:00.412921
3220	5	5	39.6	1	0:00:00.402552
3240	9	9	39.6	1	0:00:00.464957
3260	2	2	15.3	1	0:00:00.159755
3280	2	2	39.6	1	0:00:00.393686
3300	3	3	6.71	1	0:00:00.140504
3320	1	1	39.6	1	0:00:00.429837
3340	8	8	39.6	1	0:00:00.445548
3360	7	7	39.6	1	0:00:00.382342
3380	1	1	39.6	1	0:00:00.391463
3400	7	7	39.6	1	0:00:00.454695
3420	1	1	39.6	1	0:00:00.418229
3440	8	8	39.6	1	0:00:00.420025
3460	9	9	39.6	1	0:00:00.406742
3480	1	1	39.6	1	0:00:00.435410
3500	4	4	39.6	1	0:00:00.409570
3520	6	6	3.0	1	0:00:00.110356
3540	0	0	39.6	1	0:00:00.402967
3560	6	6	39.6	1	0:00:00.389403
3580	7	7	39.6	1	0:00:00.422628
3600	2	2	6.4	1	0:00:00.163050
3620	3	3	39.6	1	0:00:00.435362
3640	0	0	39.6	1	0:00:00.392216
3660	0	0	39.6	1	0:00:00.388258
3680	0	0	13.0	1	0:00:00.124131
3700	4	4	39.6	1	0:00:00.430647
3720	7	7	39.6	1	0:00:00.389876
3740	3	3	39.6	1	0:00:00.425757
3760	9	9	39.6	1	0:00:00.421009
3780	4	4	39.6	1	0:00:00.386911
3800	6	6	10.0	1	0:00:00.133380
3820	9	9	8.54	1	0:00:00.126242
3840	9	9	39.6	1	0:00:00.413948
3860	5	5	39.6	1	0:00:00.384297
3880	8	8	39.6	1	0:00:00.418610
3900	1	1	39.6	1	0:00:00.423062
3920	7	7	39.6	1	0:00:00.421784
3940	0	0	39.6	1	0:00:00.459923
3960	5	5	39.6	1	0:00:00.458838
3980	0	0	39.6	1	0:00:00.462933
4000	9	9	39.6	1	0:00:00.420038
4020	8	8	39.6	1	0:00:00.392803
4040	9	9	39.6	1	0:00:00.431622
4060	4	4	39.6	1	0:00:00.452675
4080	0	0	39.6	1	0:00:00.449443
4100	2	2	39.6	1	0:00:00.462807
4120	3	3	39.6	1	0:00:00.408512
4140	8	8	39.6	1	0:00:00.431384
4160	6	6	10.0	1	0:00:00.175952
4180	2	2	9.22	1	0:00:00.141427
4200	7	7	39.6	1	0:00:00.435424
4220	3	3	39.6	1	0:00:00.433527
4240	9	9	39.6	1	0:00:00.452297
4260	2	2	15.8	1	0:00:00.171114
4280	9	9	39.6	1	0:00:00.430618
4300	5	5	10.8	1	0:00:00.139757
4320	0	0	39.6	1	0:00:00.443509
4340	5	5	39.6	1	0:00:00.448227
4360	5	1	0.0	0	0:00:00.129921
4380	8	8	12.1	1	0:00:00.126850
4400	7	7	5.0	1	0:00:00.132545
4420	5	5	39.6	1	0:00:00.389652
4440	5	5	39.6	1	0:00:00.439977
4460	7	7	39.6	1	0:00:00.405650
4480	9	9	39.6	1	0:00:00.425352
4500	9	9	7.07	1	0:00:00.132783
4520	5	5	39.6	1	0:00:00.396341
4540	7	7	18.4	1	0:00:00.244150
4560	9	9	39.6	1	0:00:00.503275
4580	1	1	39.6	1	0:00:00.408765
4600	3	3	39.6	1	0:00:00.477431
4620	6	6	5.0	1	0:00:00.150306
4640	8	8	14.4	1	0:00:00.138116
4660	7	7	17.8	1	0:00:00.127840
4680	6	6	39.6	1	0:00:00.434782
4700	9	9	39.6	1	0:00:00.444914
4720	0	0	39.6	1	0:00:00.385250
4740	3	5	0.0	0	0:00:00.144270
4760	7	7	39.6	1	0:00:00.412775
4780	0	0	39.6	1	0:00:00.426218
4800	7	7	39.6	1	0:00:00.464467
4820	8	8	39.6	1	0:00:00.421637
4840	9	9	39.6	1	0:00:00.434995
4860	4	4	6.32	1	0:00:00.129131
4880	0	0	3.0	1	0:00:00.161943
4900	7	7	39.6	1	0:00:00.398141
4920	2	2	39.6	1	0:00:00.456656
4940	3	3	39.6	1	0:00:00.414829
4960	8	8	39.6	1	0:00:00.425773
4980	6	6	39.6	1	0:00:00.463368
5000	3	3	39.6	1	0:00:00.431533
5020	5	5	39.6	1	0:00:00.447630
5040	7	7	39.6	1	0:00:00.384459
5060	9	9	39.6	1	0:00:00.417772
5080	9	9	39.6	1	0:00:00.500777
5100	9	9	39.6	1	0:00:00.445068
5120	2	2	39.6	1	0:00:00.438201
5140	3	3	4.12	1	0:00:00.118623
5160	5	5	39.6	1	0:00:00.379033
5180	7	7	39.6	1	0:00:00.414708
5200	4	4	39.6	1	0:00:00.438328
5220	9	9	7.81	1	0:00:00.170487
5240	7	7	39.6	1	0:00:00.407268
5260	4	4	39.6	1	0:00:00.443161
5280	0	0	39.6	1	0:00:00.437260
5300	8	8	39.6	1	0:00:00.498212
5320	0	0	39.6	1	0:00:00.401447
5340	2	2	39.6	1	0:00:00.390670
5360	8	8	39.6	1	0:00:00.423884
5380	8	8	39.6	1	0:00:00.450109
5400	5	5	39.6	1	0:00:00.451762
5420	5	5	39.6	1	0:00:00.510354
5440	4	4	39.6	1	0:00:00.392748
5460	1	1	39.6	1	0:00:00.427266
5480	5	5	39.6	1	0:00:00.399002
5500	4	4	39.6	1	0:00:00.404933
5520	1	1	39.6	1	0:00:00.446671
5540	7	7	39.6	1	0:00:00.374753
5560	7	7	39.6	1	0:00:00.434265
5580	9	9	39.6	1	0:00:00.419237
5600	7	7	3.61	1	0:00:00.127159
5620	7	7	11.4	1	0:00:00.127861
5640	7	7	39.6	1	0:00:00.578959
5660	6	6	39.6	1	0:00:00.373845
5680	8	8	39.6	1	0:00:00.402852
5700	3	3	39.6	1	0:00:00.402468
5720	4	4	17.2	1	0:00:00.126796
5740	3	3	39.6	1	0:00:00.461430
5760	3	3	39.6	1	0:00:00.465763
5780	3	3	39.6	1	0:00:00.411277
5800	9	9	39.6	1	0:00:00.438697
5820	2	2	39.6	1	0:00:00.424531
5840	2	2	39.6	1	0:00:00.463489
5860	3	3	39.6	1	0:00:00.403629
5880	1	1	39.6	1	0:00:00.464878
5900	4	4	39.6	1	0:00:00.395210
5920	6	6	39.6	1	0:00:00.426086
5940	8	8	39.6	1	0:00:00.379246
5960	8	8	39.6	1	0:00:00.402357
5980	0	0	39.6	1	0:00:00.483021
6000	9	9	39.6	1	0:00:00.412499
6020	6	6	39.6	1	0:00:00.419895
6040	0	0	39.6	1	0:00:00.424543
6060	1	1	39.6	1	0:00:00.446001
6080	8	8	39.6	1	0:00:00.465457
6100	4	4	39.6	1	0:00:00.427280
6120	5	5	39.6	1	0:00:00.396539
6140	0	0	39.6	1	0:00:00.377873
6160	3	3	39.6	1	0:00:00.431448
6180	2	2	39.6	1	0:00:00.390130
6200	9	9	39.6	1	0:00:00.386944
6220	4	4	39.6	1	0:00:00.405506
6240	2	2	39.6	1	0:00:00.502467
6260	3	3	39.6	1	0:00:00.440588
6280	0	0	39.6	1	0:00:00.442368
6300	4	4	39.6	1	0:00:00.463368
6320	1	1	39.6	1	0:00:00.408077
6340	2	2	39.6	1	0:00:00.425265
6360	7	7	39.6	1	0:00:00.403403
6380	7	7	39.6	1	0:00:00.417542
6400	0	0	11.2	1	0:00:00.130763
6420	9	9	10.0	1	0:00:00.113462
6440	3	3	39.6	1	0:00:00.383366
6460	4	4	13.6	1	0:00:00.133138
6480	2	2	5.1	1	0:00:00.157979
6500	5	5	39.6	1	0:00:00.408922
6520	9	9	39.6	1	0:00:00.413446
6540	1	1	39.6	1	0:00:00.416825
6560	9	9	39.6	1	0:00:00.399716
6580	0	0	39.6	1	0:00:00.514400
6600	5	5	39.6	1	0:00:00.388679
6620	5	5	39.6	1	0:00:00.403288
6640	7	7	39.6	1	0:00:00.439822
6660	4	4	39.6	1	0:00:00.400247
6680	1	1	39.6	1	0:00:00.399234
6700	4	4	39.6	1	0:00:00.396282
6720	1	1	39.6	1	0:00:00.388706
6740	9	9	7.0	1	0:00:00.128026
6760	0	0	39.6	1	0:00:00.433186
6780	4	4	39.6	1	0:00:00.468653
6800	2	2	39.6	1	0:00:00.416788
6820	2	2	39.6	1	0:00:00.401421
6840	3	3	39.6	1	0:00:00.421749
6860	5	5	39.6	1	0:00:00.455021
6880	5	5	39.6	1	0:00:00.508149
6900	6	6	39.6	1	0:00:00.403969
6920	2	2	39.6	1	0:00:00.455126
6940	3	3	39.6	1	0:00:00.440668
6960	7	7	39.6	1	0:00:00.394164
6980	9	9	39.6	1	0:00:00.372191
7000	1	1	39.6	1	0:00:00.415334
7020	6	6	11.2	1	0:00:00.114814
7040	3	3	39.6	1	0:00:00.407791
7060	8	8	39.6	1	0:00:00.391907
7080	8	8	39.6	1	0:00:00.409322
7100	2	2	39.6	1	0:00:00.430789
7120	2	2	39.6	1	0:00:00.470074
7140	3	3	39.6	1	0:00:00.473444
7160	5	5	39.6	1	0:00:00.412237
7180	7	7	39.6	1	0:00:00.382461
7200	8	8	39.6	1	0:00:00.440756
7220	8	8	39.6	1	0:00:00.431813
7240	5	5	15.3	1	0:00:00.143451
7260	7	7	39.6	1	0:00:00.460071
7280	1	1	39.6	1	0:00:00.479019
7300	7	7	39.6	1	0:00:00.419962
7320	7	7	13.6	1	0:00:00.134081
7340	1	1	39.6	1	0:00:00.411515
7360	9	9	39.6	1	0:00:00.420024
7380	9	9	39.6	1	0:00:00.382733
7400	2	2	11.2	1	0:00:00.171212
7420	2	2	11.0	1	0:00:00.145948
7440	0	0	39.6	1	0:00:00.457943
7460	7	7	39.6	1	0:00:00.391654
7480	1	1	39.6	1	0:00:00.500932
7500	8	8	39.6	1	0:00:00.480690
7520	4	4	39.6	1	0:00:00.433280
7540	6	6	39.6	1	0:00:00.402086
7560	4	4	39.6	1	0:00:00.477049
7580	9	9	6.08	1	0:00:00.133826
7600	1	1	39.6	1	0:00:00.456369
7620	3	3	39.6	1	0:00:00.403227
7640	9	9	39.6	1	0:00:00.389263
7660	8	8	39.6	1	0:00:00.448342
7680	9	9	39.6	1	0:00:00.388927
7700	9	9	39.6	1	0:00:00.494605
7720	8	8	39.6	1	0:00:00.393830
7740	3	3	39.6	1	0:00:00.453372
7760	7	7	39.6	1	0:00:00.451001
7780	0	0	39.6	1	0:00:00.412661
7800	3	3	39.6	1	0:00:00.382557
7820	0	0	39.6	1	0:00:00.453630
7840	2	2	39.6	1	0:00:00.504142
7860	6	6	8.25	1	0:00:00.126472
7880	6	6	39.6	1	0:00:00.422401
7900	1	1	2.24	1	0:00:00.135158
7920	1	1	8.06	1	0:00:00.142495
7940	7	7	39.6	1	0:00:00.439401
7960	7	7	39.6	1	0:00:00.403999
7980	1	1	39.6	1	0:00:00.475650
8000	4	4	11.7	1	0:00:00.119040
8020	1	1	14.2	1	0:00:00.118768
8040	6	6	39.6	1	0:00:00.436175
8060	3	3	39.6	1	0:00:00.459634
8080	3	3	39.6	1	0:00:00.586273
8100	1	1	39.6	1	0:00:00.480250
8120	3	3	39.6	1	0:00:00.381467
8140	3	3	39.6	1	0:00:00.383423
8160	5	5	16.4	1	0:00:00.157742
8180	5	5	39.6	1	0:00:00.398350
8200	6	6	39.6	1	0:00:00.397819
8220	4	4	39.6	1	0:00:00.428118
8240	6	6	39.6	1	0:00:00.428520
8260	0	0	5.66	1	0:00:00.121298
8280	4	4	39.6	1	0:00:00.389024
8300	8	8	39.6	1	0:00:00.390859
8320	2	2	6.4	1	0:00:00.165764
8340	1	1	39.6	1	0:00:00.427481
8360	1	1	39.6	1	0:00:00.451762
8380	6	6	39.6	1	0:00:00.483296
8400	4	4	39.6	1	0:00:00.441083
8420	1	1	39.6	1	0:00:00.392087
8440	8	8	39.6	1	0:00:00.405277
8460	2	2	39.6	1	0:00:00.411723
8480	7	7	39.6	1	0:00:00.392863
8500	4	4	39.6	1	0:00:00.431498
8520	4	4	2.24	1	0:00:00.117667
8540	1	1	39.6	1	0:00:00.427774
8560	2	2	39.6	1	0:00:00.413950
8580	6	6	39.6	1	0:00:00.423753
8600	1	1	39.6	1	0:00:00.450097
8620	7	7	39.6	1	0:00:00.430535
8640	9	9	39.6	1	0:00:00.566080
8660	3	3	39.6	1	0:00:00.381799
8680	9	9	39.6	1	0:00:00.413936
8700	9	9	39.6	1	0:00:00.405569
8720	1	1	39.6	1	0:00:00.498413
8740	1	1	39.6	1	0:00:00.377936
8760	6	6	39.6	1	0:00:00.390339
8780	3	3	39.6	1	0:00:00.481099
8800	2	2	39.6	1	0:00:00.389949
8820	2	2	39.6	1	0:00:00.437850
8840	3	3	39.6	1	0:00:00.468822
8860	3	3	39.6	1	0:00:00.375033
8880	2	2	39.6	1	0:00:00.421760
8900	9	9	39.6	1	0:00:00.472848
8920	9	9	39.6	1	0:00:00.537379
8940	5	5	39.6	1	0:00:00.466973
8960	4	4	39.6	1	0:00:00.448721
8980	1	1	39.6	1	0:00:00.448653
9000	7	7	39.6	1	0:00:00.493037
9020	8	8	39.6	1	0:00:00.475204
9040	6	6	39.6	1	0:00:00.390608
9060	0	0	39.6	1	0:00:00.400100
9080	0	0	39.6	1	0:00:00.481641
9100	3	3	39.6	1	0:00:00.537085
9120	1	1	39.6	1	0:00:00.409521
9140	1	1	39.6	1	0:00:00.414015
9160	5	5	39.6	1	0:00:00.428961
9180	1	1	39.6	1	0:00:00.441221
9200	1	1	39.6	1	0:00:00.404310
9220	0	0	39.6	1	0:00:00.444251
9240	6	6	39.6	1	0:00:00.434082
9260	5	5	39.6	1	0:00:00.427320
9280	8	8	39.6	1	0:00:00.441346
9300	7	7	39.6	1	0:00:00.415545
9320	4	4	39.6	1	0:00:00.432737
9340	7	7	39.6	1	0:00:00.391209
9360	5	5	39.6	1	0:00:00.418206
9380	3	3	39.6	1	0:00:00.383724
9400	5	5	4.24	1	0:00:00.121254
9420	8	8	39.6	1	0:00:00.430204
9440	0	0	39.6	1	0:00:00.398849
9460	3	3	39.6	1	0:00:00.397945
9480	2	2	39.6	1	0:00:00.431556
9500	2	2	39.6	1	0:00:00.437295
9520	1	1	39.6	1	0:00:00.426080
9540	1	1	9.22	1	0:00:00.129634
9560	7	7	39.6	1	0:00:00.400124
9580	9	9	39.6	1	0:00:00.406196
9600	5	5	39.6	1	0:00:00.393234
9620	9	9	4.0	1	0:00:00.133488
9640	7	7	39.6	1	0:00:00.414342
9660	7	7	39.6	1	0:00:00.384916
9680	3	3	39.6	1	0:00:00.465000
9700	2	2	5.83	1	0:00:00.140020
9720	6	6	39.6	1	0:00:00.400918
9740	9	9	39.6	1	0:00:00.400213
9760	1	1	39.6	1	0:00:00.390457
9780	8	8	39.6	1	0:00:00.446005
9800	0	0	39.6	1	0:00:00.435693
9820	2	2	39.6	1	0:00:00.426797
9840	3	3	39.6	1	0:00:00.441284
9860	3	3	39.6	1	0:00:00.413389
9880	2	2	39.6	1	0:00:00.412766
9900	8	8	39.6	1	0:00:00.422850
9920	8	8	39.6	1	0:00:00.436329
9940	6	6	39.6	1	0:00:00.441102
9960	4	4	39.6	1	0:00:00.467072
9980	2	2	13.6	1	0:00:00.129820
