idx	label	predict	radius	correct	time
0	3	3	1.41	1	0:00:26.325421
20	7	7	1.41	1	0:00:26.360225
40	4	4	1.41	1	0:00:28.364959
60	7	7	1.41	1	0:00:27.771184
80	8	8	1.41	1	0:00:26.474288
100	4	7	1.41	0	0:00:26.427310
120	8	1	0.241	0	0:00:26.300355
140	6	6	1.41	1	0:00:26.313825
160	2	2	1.41	1	0:00:26.379295
180	0	0	0.868	1	0:00:26.365185
200	5	3	1.41	0	0:00:27.938485
220	7	7	1.41	1	0:00:28.687805
240	1	1	1.41	1	0:00:26.601783
260	8	8	1.41	1	0:00:27.936107
280	9	9	1.41	1	0:00:26.876225
300	6	6	1.41	1	0:00:26.477295
320	3	3	1.41	1	0:00:27.609675
340	2	3	1.35	0	0:00:26.767478
360	9	9	1.41	1	0:00:26.613830
380	6	6	1.41	1	0:00:28.871067
400	9	9	1.41	1	0:00:29.146932
420	4	4	1.41	1	0:00:26.437461
440	1	1	1.41	1	0:00:26.473622
460	5	5	1.36	1	0:00:26.736597
480	8	9	1.02	0	0:00:26.701550
500	4	6	0.917	0	0:00:27.790649
520	5	5	1.41	1	0:00:28.945443
540	1	1	1.41	1	0:00:27.841131
560	0	0	1.41	1	0:00:26.586404
580	4	4	1.41	1	0:00:26.665400
600	8	9	1.22	0	0:00:28.815595
620	7	7	1.41	1	0:00:26.480767
640	5	3	1.41	0	0:00:26.540700
660	9	1	0.979	0	0:00:26.446272
680	9	1	1.41	0	0:00:26.530125
700	7	7	1.41	1	0:00:26.949705
720	4	4	1.36	1	0:00:26.543149
740	2	2	0.355	1	0:00:27.156284
760	3	3	1.41	1	0:00:27.573438
780	9	9	1.41	1	0:00:26.524144
800	7	7	1.41	1	0:00:27.864674
820	6	6	1.41	1	0:00:26.544230
840	7	7	1.41	1	0:00:26.664891
860	4	4	1.41	1	0:00:27.925998
880	8	8	1.41	1	0:00:26.632588
900	2	3	1.3	0	0:00:26.344091
920	6	6	1.41	1	0:00:26.326034
940	9	9	1.41	1	0:00:26.444019
960	9	9	1.41	1	0:00:29.644941
980	2	6	1.41	0	0:00:28.640587
1000	5	5	1.41	1	0:00:28.490502
1020	1	1	1.41	1	0:00:26.802851
1040	7	5	1.41	0	0:00:26.429564
1060	9	9	1.41	1	0:00:26.606162
1080	6	6	1.41	1	0:00:26.617503
1100	7	7	1.33	1	0:00:26.478447
1120	5	5	1.41	1	0:00:27.800863
1140	6	6	1.18	1	0:00:28.554142
1160	8	8	1.41	1	0:00:29.645033
1180	3	3	1.41	1	0:00:29.854064
1200	8	8	1.41	1	0:00:32.684302
1220	9	-1	0.0	0	0:00:26.768192
1240	2	2	1.27	1	0:00:26.927167
1260	1	9	1.36	0	0:00:26.770607
1280	3	3	1.11	1	0:00:31.956780
1300	4	4	0.998	1	0:00:27.697036
1320	7	7	1.41	1	0:00:32.948931
1340	1	1	1.41	1	0:00:26.483164
1360	7	7	1.41	1	0:00:27.160953
1380	4	4	1.15	1	0:00:27.074569
1400	5	3	1.41	0	0:00:27.290100
1420	4	4	1.41	1	0:00:26.568910
1440	0	8	1.41	0	0:00:26.615812
1460	6	6	1.41	1	0:00:26.456330
1480	1	5	1.35	0	0:00:26.375822
1500	1	1	1.41	1	0:00:26.611850
1520	7	7	1.41	1	0:00:26.613126
1540	8	8	1.41	1	0:00:26.659823
1560	7	7	1.41	1	0:00:26.527847
1580	6	7	0.612	0	0:00:26.504488
1600	8	0	1.25	0	0:00:26.479103
1620	5	8	1.03	0	0:00:26.500296
1640	7	3	1.23	0	0:00:26.563841
1660	3	3	1.41	1	0:00:26.749331
1680	6	6	1.41	1	0:00:26.596509
1700	5	5	1.41	1	0:00:26.565378
1720	4	4	1.41	1	0:00:26.605732
1740	1	9	1.41	0	0:00:26.461039
1760	0	0	1.41	1	0:00:26.452384
1780	7	7	1.41	1	0:00:26.792710
1800	4	-1	0.0	0	0:00:26.517834
1820	8	9	1.41	0	0:00:26.481773
1840	8	8	0.903	1	0:00:26.503790
1860	8	8	1.41	1	0:00:26.511883
1880	1	1	1.41	1	0:00:26.899204
1900	8	8	1.41	1	0:00:26.741374
1920	2	2	1.41	1	0:00:26.278209
1940	5	5	1.41	1	0:00:26.446432
1960	2	5	1.41	0	0:00:26.740359
1980	9	9	1.41	1	0:00:26.508386
2000	1	1	1.41	1	0:00:26.330228
2020	9	9	1.41	1	0:00:28.511863
2040	0	0	1.41	1	0:00:26.530590
2060	5	3	1.41	0	0:00:26.501735
2080	1	9	1.4	0	0:00:26.713949
2100	2	2	1.41	1	0:00:26.992723
2120	4	-1	0.0	0	0:00:27.527666
2140	9	9	1.41	1	0:00:27.707356
2160	0	0	1.41	1	0:00:26.526668
2180	4	4	1.41	1	0:00:26.495141
2200	0	2	1.41	0	0:00:26.581118
2220	1	1	1.41	1	0:00:26.572100
2240	9	9	1.41	1	0:00:29.232562
2260	4	4	1.41	1	0:00:27.841394
2280	4	4	1.15	1	0:00:26.855183
2300	3	3	1.41	1	0:00:28.867048
2320	5	2	1.41	0	0:00:29.626098
2340	7	7	1.41	1	0:00:27.089792
2360	7	7	1.41	1	0:00:26.374818
2380	8	8	1.41	1	0:00:26.584795
2400	0	0	1.41	1	0:00:27.199754
2420	8	1	1.39	0	0:00:26.371693
2440	7	7	1.41	1	0:00:26.635027
2460	9	9	1.37	1	0:00:26.330525
2480	8	8	1.41	1	0:00:27.033905
2500	4	4	1.41	1	0:00:27.506927
2520	1	1	1.41	1	0:00:27.184753
2540	2	3	1.06	0	0:00:26.810865
2560	7	7	1.41	1	0:00:26.497273
2580	6	6	1.4	1	0:00:27.936845
2600	8	8	1.41	1	0:00:26.530038
2620	1	1	1.41	1	0:00:26.555394
2640	7	7	1.41	1	0:00:26.579725
2660	3	3	1.41	1	0:00:26.680044
2680	0	0	1.41	1	0:00:28.670863
2700	9	9	1.41	1	0:00:29.808465
2720	3	3	1.41	1	0:00:29.570002
2740	1	1	1.33	1	0:00:29.713408
2760	2	2	1.41	1	0:00:28.413469
2780	7	7	1.41	1	0:00:26.954834
2800	4	4	1.41	1	0:00:26.628059
2820	6	6	1.41	1	0:00:26.594864
2840	3	3	1.41	1	0:00:26.507558
2860	5	5	1.41	1	0:00:26.492540
2880	4	4	1.41	1	0:00:26.561749
2900	3	2	1.39	0	0:00:26.519323
2920	2	3	1.41	0	0:00:26.948038
2940	3	0	1.41	0	0:00:27.500947
2960	9	9	1.41	1	0:00:26.423987
2980	8	8	1.41	1	0:00:26.578007
3000	5	5	1.41	1	0:00:26.663962
3020	1	8	0.427	0	0:00:27.519326
3040	7	7	1.41	1	0:00:27.693076
3060	7	7	1.41	1	0:00:26.636175
3080	1	0	1.41	0	0:00:26.249498
3100	0	0	1.41	1	0:00:26.738304
3120	4	2	0.483	0	0:00:26.545873
3140	8	8	1.41	1	0:00:26.493876
3160	6	2	1.41	0	0:00:26.516956
3180	3	3	1.41	1	0:00:26.511800
3200	5	5	1.41	1	0:00:26.308432
3220	3	2	0.738	0	0:00:26.454269
3240	4	2	1.3	0	0:00:26.615217
3260	7	0	0.754	0	0:00:26.715359
3280	3	3	0.917	1	0:00:26.619292
3300	4	4	1.41	1	0:00:26.465053
3320	2	7	1.41	0	0:00:26.524679
3340	6	6	1.41	1	0:00:26.548955
3360	4	4	1.1	1	0:00:26.432237
3380	8	8	1.41	1	0:00:26.634005
3400	6	6	1.22	1	0:00:26.801941
3420	5	5	1.41	1	0:00:26.678002
3440	2	5	1.4	0	0:00:26.612262
3460	1	1	1.41	1	0:00:26.633779
3480	2	2	1.41	1	0:00:26.484711
3500	1	1	1.41	1	0:00:26.312652
3520	1	1	1.41	1	0:00:26.556751
3540	6	6	1.41	1	0:00:26.487951
3560	1	1	1.31	1	0:00:26.340429
3580	4	4	1.41	1	0:00:26.588056
3600	4	2	1.41	0	0:00:26.515683
3620	0	0	1.41	1	0:00:26.483198
3640	6	6	1.4	1	0:00:26.670671
3660	0	0	1.41	1	0:00:26.516025
3680	0	0	1.24	1	0:00:28.225922
3700	3	3	1.41	1	0:00:26.923561
3720	2	2	1.41	1	0:00:26.335594
3740	0	0	1.41	1	0:00:26.577283
3760	7	7	1.41	1	0:00:26.488348
3780	4	4	1.11	1	0:00:26.628492
3800	9	9	1.41	1	0:00:26.451019
3820	0	2	1.41	0	0:00:26.710410
3840	6	4	1.41	0	0:00:26.649384
3860	7	7	1.41	1	0:00:27.279390
3880	6	6	1.41	1	0:00:27.981711
3900	3	3	0.954	1	0:00:26.471390
3920	7	7	1.41	1	0:00:26.444391
3940	6	6	1.41	1	0:00:26.613869
3960	2	2	1.41	1	0:00:26.306924
3980	9	2	1.4	0	0:00:26.197285
4000	8	0	0.643	0	0:00:26.516708
4020	8	8	1.41	1	0:00:26.611917
4040	0	0	1.41	1	0:00:26.421789
4060	6	6	1.41	1	0:00:26.621311
4080	1	1	1.41	1	0:00:26.391907
4100	7	7	1.41	1	0:00:26.429105
4120	4	4	1.41	1	0:00:26.689863
4140	5	5	1.24	1	0:00:26.625271
4160	5	5	1.41	1	0:00:26.424748
4180	0	8	1.38	0	0:00:26.688926
4200	4	4	1.31	1	0:00:27.675078
4220	4	0	1.41	0	0:00:26.608135
4240	7	7	1.41	1	0:00:26.627873
4260	8	8	1.41	1	0:00:26.392191
4280	8	-1	0.0	0	0:00:27.991646
4300	8	8	1.41	1	0:00:27.496988
4320	1	0	1.17	0	0:00:26.401125
4340	0	0	1.41	1	0:00:26.387691
4360	6	9	1.37	0	0:00:28.738892
4380	9	8	1.41	0	0:00:29.407175
4400	3	5	0.903	0	0:00:26.691765
4420	5	5	0.796	1	0:00:28.015906
4440	2	2	1.41	1	0:00:29.456129
4460	9	9	1.41	1	0:00:27.201128
4480	9	9	1.41	1	0:00:26.595476
4500	3	3	1.41	1	0:00:26.643433
4520	3	3	1.4	1	0:00:26.519321
4540	9	9	1.41	1	0:00:26.565244
4560	1	1	1.41	1	0:00:26.444112
4580	6	6	1.41	1	0:00:26.400572
4600	4	4	1.41	1	0:00:28.100403
4620	7	3	1.02	0	0:00:26.602708
4640	2	2	1.41	1	0:00:26.253506
4660	7	7	1.41	1	0:00:26.549031
4680	9	9	1.41	1	0:00:26.621149
4700	6	2	1.28	0	0:00:27.765188
4720	8	0	0.983	0	0:00:26.617608
4740	5	3	1.26	0	0:00:26.866596
4760	3	2	1.3	0	0:00:26.449502
4780	0	0	1.41	1	0:00:27.531133
4800	9	9	1.41	1	0:00:27.041703
4820	3	3	1.41	1	0:00:26.770496
4840	0	0	1.41	1	0:00:28.998992
4860	5	5	1.41	1	0:00:27.230402
4880	0	7	1.4	0	0:00:26.411761
4900	3	3	1.41	1	0:00:26.436152
4920	7	7	1.41	1	0:00:28.221322
4940	6	6	1.41	1	0:00:28.307983
4960	4	4	1.41	1	0:00:27.424382
4980	1	9	0.887	0	0:00:26.530695
5000	7	7	1.41	1	0:00:26.460188
5020	8	8	1.41	1	0:00:26.682910
5040	3	3	0.527	1	0:00:26.753850
5060	6	6	1.41	1	0:00:26.761333
5080	7	7	1.41	1	0:00:26.650017
5100	3	3	1.41	1	0:00:26.834747
5120	9	9	1.39	1	0:00:26.491759
5140	8	8	1.41	1	0:00:26.726711
5160	0	0	1.41	1	0:00:26.492706
5180	9	7	1.41	0	0:00:26.340279
5200	3	5	0.762	0	0:00:26.563004
5220	0	0	1.41	1	0:00:26.525620
5240	1	1	1.41	1	0:00:26.393903
5260	0	0	1.41	1	0:00:26.415005
5280	0	9	1.2	0	0:00:26.587883
5300	9	9	1.39	1	0:00:26.504126
5320	7	7	1.41	1	0:00:26.791379
5340	3	4	1.41	0	0:00:26.563599
5360	9	9	1.41	1	0:00:27.700892
5380	1	1	1.41	1	0:00:26.431870
5400	9	9	1.41	1	0:00:26.606762
5420	6	6	1.41	1	0:00:26.582037
5440	9	9	1.41	1	0:00:28.203667
5460	0	2	0.907	0	0:00:29.772890
5480	1	1	1.41	1	0:00:27.029893
5500	8	1	1.03	0	0:00:27.501033
5520	4	4	1.41	1	0:00:28.036134
5540	5	5	1.41	1	0:00:27.681937
5560	3	6	1.41	0	0:00:26.937501
5580	5	3	1.41	0	0:00:27.090742
5600	6	6	1.33	1	0:00:26.664224
5620	3	2	1.41	0	0:00:27.448980
5640	2	2	0.873	1	0:00:27.406085
5660	9	9	1.41	1	0:00:27.777862
5680	2	2	1.41	1	0:00:26.741727
5700	3	3	1.31	1	0:00:26.748277
5720	9	9	1.41	1	0:00:26.403469
5740	6	6	1.11	1	0:00:26.641562
5760	2	2	1.41	1	0:00:27.767432
5780	7	7	1.41	1	0:00:26.400746
5800	2	2	1.41	1	0:00:26.922795
5820	5	3	1.37	0	0:00:26.642825
5840	2	2	0.779	1	0:00:26.439501
5860	0	0	1.41	1	0:00:28.656772
5880	0	0	1.41	1	0:00:29.470599
5900	4	0	1.41	0	0:00:26.596886
5920	8	8	1.41	1	0:00:26.646625
5940	7	7	1.39	1	0:00:26.497677
5960	2	2	1.41	1	0:00:26.489340
5980	9	9	1.41	1	0:00:26.577972
6000	8	8	1.28	1	0:00:26.576996
6020	6	6	1.41	1	0:00:27.165538
6040	2	7	1.41	0	0:00:26.555705
6060	3	3	1.08	1	0:00:26.541294
6080	1	1	1.41	1	0:00:26.652963
6100	1	1	1.41	1	0:00:26.919865
6120	5	5	1.41	1	0:00:30.500042
6140	9	9	1.41	1	0:00:35.190187
6160	2	2	1.41	1	0:00:36.056819
6180	0	-1	0.0	0	0:00:32.434971
6200	3	3	1.33	1	0:00:26.394133
6220	2	2	1.41	1	0:00:26.700985
6240	2	2	1.41	1	0:00:26.605458
6260	2	0	1.41	0	0:00:26.499686
6280	8	2	1.4	0	0:00:26.541523
6300	1	1	1.41	1	0:00:26.583354
6320	0	0	1.41	1	0:00:27.043990
6340	3	3	1.41	1	0:00:27.279332
6360	2	2	1.41	1	0:00:27.025104
6380	3	3	1.05	1	0:00:26.290964
6400	0	8	1.39	0	0:00:26.769473
6420	7	7	1.41	1	0:00:26.570155
6440	3	4	1.41	0	0:00:28.335299
6460	3	3	1.41	1	0:00:28.011558
6480	0	0	1.41	1	0:00:27.509992
6500	7	5	1.41	0	0:00:28.210111
6520	6	6	1.41	1	0:00:27.652566
6540	8	8	1.41	1	0:00:27.305557
6560	6	6	1.41	1	0:00:28.281377
6580	1	1	0.693	1	0:00:27.356546
6600	7	7	1.41	1	0:00:27.889272
6620	7	7	1.41	1	0:00:28.833035
6640	5	3	1.41	0	0:00:30.219930
6660	0	0	1.41	1	0:00:26.998780
6680	3	3	1.32	1	0:00:29.875141
6700	6	6	1.41	1	0:00:27.367797
6720	2	4	1.35	0	0:00:26.677536
6740	2	2	1.41	1	0:00:28.762731
6760	5	5	1.41	1	0:00:29.239990
6780	7	7	1.41	1	0:00:26.964485
6800	6	6	1.41	1	0:00:26.679369
6820	1	1	1.41	1	0:00:26.744015
6840	9	9	1.41	1	0:00:26.424192
6860	0	0	1.41	1	0:00:26.564643
6880	2	2	1.41	1	0:00:26.850120
6900	3	3	1.41	1	0:00:26.614729
6920	5	5	1.14	1	0:00:27.061077
6940	1	1	1.41	1	0:00:27.676417
6960	9	9	1.41	1	0:00:29.505160
6980	0	9	1.41	0	0:00:29.672988
7000	2	8	1.41	0	0:00:29.619448
7020	7	7	1.41	1	0:00:26.587497
7040	7	0	1.41	0	0:00:26.535258
7060	8	8	1.41	1	0:00:27.390319
7080	5	4	1.41	0	0:00:26.570786
7100	9	5	1.41	0	0:00:26.719018
7120	7	7	1.39	1	0:00:26.715450
7140	4	4	1.41	1	0:00:26.659122
7160	5	5	1.41	1	0:00:26.819190
7180	6	6	1.41	1	0:00:26.641147
7200	4	4	1.38	1	0:00:26.806685
7220	9	9	1.41	1	0:00:26.535568
7240	0	0	1.39	1	0:00:28.560182
7260	1	1	1.41	1	0:00:27.973366
7280	1	9	1.41	0	0:00:26.469489
7300	3	4	1.25	0	0:00:26.723764
7320	8	0	1.41	0	0:00:26.621796
7340	2	4	1.41	0	0:00:26.568177
7360	2	-1	0.0	0	0:00:26.884645
7380	7	7	1.41	1	0:00:26.529409
7400	3	3	1.41	1	0:00:26.594824
7420	3	3	1.41	1	0:00:28.480173
7440	3	3	1.41	1	0:00:29.444057
7460	5	5	1.41	1	0:00:27.386258
7480	1	1	1.11	1	0:00:27.633339
7500	6	6	1.41	1	0:00:27.094150
7520	4	4	1.41	1	0:00:26.624066
7540	5	5	1.41	1	0:00:26.772620
7560	0	0	1.41	1	0:00:26.601186
7580	8	8	1.41	1	0:00:26.676221
7600	8	2	1.41	0	0:00:26.792452
7620	5	3	0.205	0	0:00:26.840948
7640	9	9	1.41	1	0:00:26.648124
7660	7	7	1.41	1	0:00:26.739397
7680	3	3	1.38	1	0:00:27.420729
7700	6	6	1.41	1	0:00:26.884005
7720	5	5	1.41	1	0:00:26.685619
7740	4	4	1.41	1	0:00:27.022297
7760	2	9	0.537	0	0:00:27.774703
7780	3	8	0.924	0	0:00:26.861398
7800	0	0	1.41	1	0:00:26.714206
7820	5	3	1.41	0	0:00:27.731116
7840	1	1	1.41	1	0:00:26.780452
7860	8	1	1.36	0	0:00:26.529736
7880	0	2	0.54	0	0:00:26.634899
7900	0	4	1.41	0	0:00:28.121947
7920	9	9	1.41	1	0:00:28.908353
7940	2	2	1.4	1	0:00:27.445422
7960	0	3	1.39	0	0:00:27.718225
7980	3	3	1.41	1	0:00:26.860436
8000	9	9	1.41	1	0:00:26.664260
8020	6	3	1.41	0	0:00:26.807030
8040	2	2	1.41	1	0:00:26.764852
8060	6	6	1.41	1	0:00:26.669917
8080	4	4	1.31	1	0:00:26.819699
8100	6	2	1.41	0	0:00:26.499230
8120	8	8	1.41	1	0:00:26.490851
8140	5	3	1.41	0	0:00:26.777367
8160	6	6	1.41	1	0:00:26.820425
8180	4	2	0.197	0	0:00:27.036314
8200	3	-1	0.0	0	0:00:26.735018
8220	6	4	1.04	0	0:00:27.744183
8240	7	7	1.41	1	0:00:29.258254
8260	1	1	1.41	1	0:00:27.055301
8280	4	4	1.41	1	0:00:27.537008
8300	5	6	1.27	0	0:00:28.752256
8320	7	7	1.41	1	0:00:29.770196
8340	5	3	1.41	0	0:00:29.550533
8360	7	7	1.41	1	0:00:28.648170
8380	9	9	1.41	1	0:00:29.080687
8400	0	0	1.41	1	0:00:26.306174
8420	3	3	0.677	1	0:00:26.468372
8440	5	3	1.41	0	0:00:26.508657
8460	8	8	1.41	1	0:00:26.621233
8480	2	-1	0.0	0	0:00:26.485924
8500	4	4	1.41	1	0:00:26.603745
8520	8	1	1.18	0	0:00:26.692391
8540	4	4	1.41	1	0:00:26.575373
8560	7	7	1.35	1	0:00:26.695055
8580	3	2	1.41	0	0:00:26.653303
8600	3	3	0.864	1	0:00:26.705303
8620	3	3	1.41	1	0:00:27.136713
8640	1	1	1.41	1	0:00:28.111719
8660	7	7	1.41	1	0:00:27.049914
8680	3	3	1.25	1	0:00:26.676556
8700	3	3	1.41	1	0:00:26.764687
8720	2	0	1.41	0	0:00:26.628084
8740	2	2	1.41	1	0:00:26.915956
8760	8	8	1.41	1	0:00:27.520478
8780	4	0	1.18	0	0:00:27.622075
8800	0	0	1.41	1	0:00:29.399944
8820	2	2	1.41	1	0:00:26.936503
8840	2	7	0.744	0	0:00:26.574362
8860	2	2	1.41	1	0:00:27.733344
8880	1	1	1.41	1	0:00:28.653652
8900	2	2	1.2	1	0:00:27.888132
8920	6	6	1.41	1	0:00:27.201619
8940	6	3	1.41	0	0:00:26.943454
8960	0	0	1.41	1	0:00:26.601113
8980	9	9	1.41	1	0:00:26.483150
9000	8	8	1.41	1	0:00:27.668270
9020	7	7	1.41	1	0:00:27.035966
9040	2	5	1.41	0	0:00:29.178137
9060	9	9	1.06	1	0:00:27.013595
9080	3	3	1.41	1	0:00:26.750263
9100	9	9	1.41	1	0:00:27.057145
9120	3	3	1.41	1	0:00:26.491275
9140	7	9	1.32	0	0:00:26.458704
9160	5	5	1.41	1	0:00:27.043167
9180	5	5	1.41	1	0:00:26.603064
9200	8	8	1.41	1	0:00:26.343607
9220	8	8	1.41	1	0:00:26.467836
9240	8	8	1.41	1	0:00:26.361237
9260	5	5	1.41	1	0:00:26.290450
9280	9	1	1.4	0	0:00:26.539792
9300	5	4	0.408	0	0:00:26.559873
9320	9	9	1.41	1	0:00:26.648835
9340	1	1	1.41	1	0:00:26.550576
9360	5	0	1.15	0	0:00:26.593299
9380	5	3	1.41	0	0:00:28.421146
9400	6	6	1.41	1	0:00:26.655617
9420	5	5	1.41	1	0:00:26.555408
9440	8	8	1.41	1	0:00:26.592203
9460	3	3	1.41	1	0:00:26.415296
9480	2	2	1.41	1	0:00:26.513981
9500	9	9	1.41	1	0:00:26.496351
9520	1	1	1.41	1	0:00:29.031854
9540	5	5	1.41	1	0:00:26.405474
9560	9	9	0.901	1	0:00:26.421097
9580	1	1	1.41	1	0:00:26.607135
9600	8	8	1.41	1	0:00:26.430388
9620	4	4	1.41	1	0:00:27.185300
9640	5	5	1.41	1	0:00:26.548257
9660	6	6	1.41	1	0:00:27.398564
9680	8	8	1.41	1	0:00:26.430312
9700	0	0	1.41	1	0:00:26.457275
9720	8	8	1.41	1	0:00:26.709753
9740	3	6	1.41	0	0:00:26.531588
9760	9	3	0.731	0	0:00:26.597399
9780	4	4	1.32	1	0:00:26.527534
9800	1	1	1.41	1	0:00:26.698788
9820	0	8	1.31	0	0:00:27.756629
9840	4	7	1.41	0	0:00:26.577734
9860	0	0	1.41	1	0:00:26.524847
9880	7	7	1.28	1	0:00:26.665582
9900	8	0	0.656	0	0:00:26.786913
9920	6	6	1.41	1	0:00:26.615102
9940	4	4	1.35	1	0:00:26.776365
9960	2	0	1.41	0	0:00:26.594803
9980	0	0	1.41	1	0:00:26.478617
