idx	label	predict	radius	correct	time
0	3	3	4.04	1	0:00:33.435769
20	7	7	6.27	1	0:00:32.975626
40	4	7	6.87	0	0:00:33.649786
60	7	7	5.51	1	0:00:34.412282
80	8	8	7.07	1	0:00:34.469104
100	4	7	3.21	0	0:00:34.618044
120	8	1	3.41	0	0:00:34.719581
140	6	7	3.14	0	0:00:35.202715
160	2	2	6.4	1	0:00:38.156286
180	0	0	7.05	1	0:00:36.211095
200	5	7	4.34	0	0:00:34.858623
220	7	4	6.32	0	0:00:34.853040
240	1	1	7.06	1	0:00:35.755433
260	8	6	6.79	0	0:00:35.170078
280	9	9	3.22	1	0:00:35.305636
300	6	6	7.06	1	0:00:35.286698
320	3	5	4.81	0	0:00:35.191138
340	2	3	4.05	0	0:00:35.346940
360	9	9	7.0	1	0:00:35.123303
380	6	5	4.04	0	0:00:34.960673
400	9	9	4.67	1	0:00:36.311510
420	4	6	6.72	0	0:00:38.143981
440	1	1	5.49	1	0:00:36.124879
460	5	5	6.27	1	0:00:35.732352
480	8	8	5.37	1	0:00:34.959314
500	4	2	6.78	0	0:00:35.066794
520	5	2	2.54	0	0:00:34.941067
540	1	1	3.41	1	0:00:35.024144
560	0	0	6.99	1	0:00:35.093034
580	4	6	6.98	0	0:00:35.126933
600	8	9	4.38	0	0:00:36.861796
620	7	7	7.07	1	0:00:35.253817
640	5	3	4.8	0	0:00:35.864417
660	9	9	2.7	1	0:00:35.643719
680	9	7	4.64	0	0:00:35.026926
700	7	0	7.06	0	0:00:35.134058
720	4	7	6.64	0	0:00:34.957952
740	2	2	1.68	1	0:00:35.160756
760	3	9	7.07	0	0:00:36.000228
780	9	7	2.37	0	0:00:36.141420
800	7	7	7.07	1	0:00:34.975099
820	6	2	5.06	0	0:00:34.793875
840	7	7	7.04	1	0:00:34.829675
860	4	4	5.81	1	0:00:34.866924
880	8	8	7.07	1	0:00:36.128141
900	2	-1	0.0	0	0:00:35.007738
920	6	6	4.77	1	0:00:35.013633
940	9	9	7.07	1	0:00:34.813780
960	9	-1	0.0	0	0:00:35.079365
980	2	6	7.0	0	0:00:35.041927
1000	5	5	6.35	1	0:00:35.089774
1020	1	1	6.47	1	0:00:35.351186
1040	7	5	3.82	0	0:00:35.754549
1060	9	9	7.07	1	0:00:34.841938
1080	6	6	7.07	1	0:00:36.405787
1100	7	-1	0.0	0	0:00:37.915350
1120	5	2	5.03	0	0:00:35.126364
1140	6	6	7.07	1	0:00:34.857914
1160	8	8	3.8	1	0:00:34.950016
1180	3	9	4.28	0	0:00:35.008474
1200	8	8	4.92	1	0:00:35.113652
1220	9	7	6.65	0	0:00:35.413274
1240	2	6	7.07	0	0:00:35.029065
1260	1	1	5.98	1	0:00:37.022662
1280	3	7	7.04	0	0:00:34.902937
1300	4	2	1.61	0	0:00:35.184980
1320	7	7	4.33	1	0:00:36.414145
1340	1	1	5.36	1	0:00:37.472805
1360	7	7	5.86	1	0:00:37.346495
1380	4	7	3.43	0	0:00:38.068275
1400	5	5	7.07	1	0:00:37.669942
1420	4	4	6.61	1	0:00:35.072083
1440	0	0	7.07	1	0:00:34.797640
1460	6	6	6.15	1	0:00:35.034681
1480	1	1	6.87	1	0:00:34.787573
1500	1	1	6.81	1	0:00:35.383510
1520	7	7	7.07	1	0:00:38.107003
1540	8	8	6.87	1	0:00:35.863312
1560	7	3	5.53	0	0:00:35.024167
1580	6	1	7.06	0	0:00:35.150979
1600	8	7	2.52	0	0:00:35.115285
1620	5	5	7.07	1	0:00:35.020999
1640	7	7	5.96	1	0:00:34.998709
1660	3	3	6.68	1	0:00:35.021829
1680	6	6	7.07	1	0:00:35.077516
1700	5	2	5.52	0	0:00:35.034135
1720	4	2	7.07	0	0:00:35.105468
1740	1	0	4.09	0	0:00:36.166317
1760	0	7	6.74	0	0:00:34.933220
1780	7	9	5.16	0	0:00:34.957152
1800	4	4	5.04	1	0:00:35.028096
1820	8	1	6.96	0	0:00:35.074584
1840	8	7	5.71	0	0:00:35.075777
1860	8	5	4.48	0	0:00:35.246865
1880	1	1	6.95	1	0:00:35.062649
1900	8	8	7.07	1	0:00:35.756621
1920	2	4	1.0	0	0:00:36.050326
1940	5	3	6.69	0	0:00:34.950570
1960	2	2	3.46	1	0:00:35.319948
1980	9	9	7.07	1	0:00:35.178846
2000	1	5	4.99	0	0:00:34.957807
2020	9	9	7.07	1	0:00:35.224672
2040	0	0	6.93	1	0:00:35.214339
2060	5	5	6.09	1	0:00:34.894046
2080	1	2	6.24	0	0:00:37.240016
2100	2	4	6.74	0	0:00:35.659379
2120	4	8	6.48	0	0:00:34.930999
2140	9	9	4.62	1	0:00:35.014950
2160	0	0	6.98	1	0:00:34.984436
2180	4	4	7.07	1	0:00:35.172051
2200	0	0	6.05	1	0:00:36.135799
2220	1	9	7.06	0	0:00:36.059866
2240	9	9	7.07	1	0:00:37.026515
2260	4	4	6.38	1	0:00:35.315853
2280	4	9	4.33	0	0:00:36.217391
2300	3	2	3.86	0	0:00:35.501637
2320	5	2	7.07	0	0:00:35.902133
2340	7	7	5.58	1	0:00:37.331752
2360	7	3	6.83	0	0:00:35.373865
2380	8	8	7.07	1	0:00:35.258869
2400	0	0	7.07	1	0:00:35.058985
2420	8	1	6.8	0	0:00:35.410480
2440	7	8	5.41	0	0:00:35.231416
2460	9	9	2.19	1	0:00:34.957797
2480	8	8	7.07	1	0:00:35.190599
2500	4	4	5.95	1	0:00:35.159083
2520	1	9	2.6	0	0:00:34.963562
2540	2	4	3.39	0	0:00:35.007546
2560	7	7	7.07	1	0:00:35.311042
2580	6	2	4.11	0	0:00:35.094757
2600	8	8	7.07	1	0:00:35.065359
2620	1	1	4.64	1	0:00:35.094116
2640	7	9	6.99	0	0:00:35.034656
2660	3	3	5.95	1	0:00:34.934825
2680	0	0	7.07	1	0:00:34.958044
2700	9	0	1.63	0	0:00:35.219389
2720	3	3	7.07	1	0:00:35.056520
2740	1	1	6.13	1	0:00:34.987735
2760	2	2	7.07	1	0:00:35.101920
2780	7	5	5.36	0	0:00:35.088197
2800	4	4	6.62	1	0:00:35.027656
2820	6	6	7.07	1	0:00:35.023157
2840	3	-1	0.0	0	0:00:34.887421
2860	5	6	7.0	0	0:00:35.248552
2880	4	4	7.0	1	0:00:35.194008
2900	3	-1	0.0	0	0:00:36.089964
2920	2	2	7.07	1	0:00:35.088444
2940	3	1	6.87	0	0:00:35.110479
2960	9	9	5.44	1	0:00:36.509844
2980	8	8	7.07	1	0:00:35.942118
3000	5	5	6.93	1	0:00:35.237142
3020	1	8	6.44	0	0:00:35.237578
3040	7	7	7.07	1	0:00:37.620297
3060	7	3	5.18	0	0:00:35.962062
3080	1	3	3.5	0	0:00:35.559663
3100	0	0	7.07	1	0:00:35.550064
3120	4	-1	0.0	0	0:00:36.490704
3140	8	1	4.64	0	0:00:37.271908
3160	6	2	7.07	0	0:00:36.972826
3180	3	-1	0.0	0	0:00:35.148758
3200	5	5	6.7	1	0:00:35.100291
3220	3	7	5.91	0	0:00:35.062295
3240	4	0	7.06	0	0:00:35.014356
3260	7	8	4.74	0	0:00:34.981671
3280	3	0	2.48	0	0:00:35.078433
3300	4	6	4.22	0	0:00:35.306580
3320	2	9	6.68	0	0:00:35.802629
3340	6	6	7.07	1	0:00:36.445902
3360	4	6	7.07	0	0:00:36.465405
3380	8	9	6.67	0	0:00:35.027780
3400	6	4	7.05	0	0:00:35.284807
3420	5	3	7.06	0	0:00:35.538060
3440	2	3	6.49	0	0:00:35.082779
3460	1	1	1.1	1	0:00:35.005849
3480	2	2	6.63	1	0:00:35.249776
3500	1	-1	0.0	0	0:00:35.168960
3520	1	1	7.07	1	0:00:35.186234
3540	6	6	4.69	1	0:00:35.136437
3560	1	9	5.74	0	0:00:35.017472
3580	4	1	3.02	0	0:00:38.096316
3600	4	2	7.07	0	0:00:36.891900
3620	0	-1	0.0	0	0:00:35.191699
3640	6	6	6.67	1	0:00:34.761770
3660	0	0	1.74	1	0:00:36.447098
3680	0	7	5.84	0	0:00:35.358472
3700	3	5	5.53	0	0:00:34.955117
3720	2	-1	0.0	0	0:00:35.062044
3740	0	0	6.97	1	0:00:34.971329
3760	7	7	7.07	1	0:00:35.095286
3780	4	4	7.04	1	0:00:35.160976
3800	9	9	7.07	1	0:00:35.065974
3820	0	0	1.35	1	0:00:34.953764
3840	6	4	3.59	0	0:00:34.888683
3860	7	7	7.07	1	0:00:34.901230
3880	6	6	4.7	1	0:00:34.876320
3900	3	6	1.87	0	0:00:34.785891
3920	7	5	6.79	0	0:00:34.770195
3940	6	3	4.12	0	0:00:35.171455
3960	2	5	5.78	0	0:00:35.091263
3980	9	-1	0.0	0	0:00:35.073048
4000	8	7	7.06	0	0:00:35.088173
4020	8	8	7.07	1	0:00:35.225578
4040	0	8	6.78	0	0:00:35.128720
4060	6	3	5.71	0	0:00:35.057528
4080	1	9	7.07	0	0:00:35.182833
4100	7	7	7.07	1	0:00:35.420830
4120	4	0	7.07	0	0:00:35.413772
4140	5	3	5.16	0	0:00:35.289052
4160	5	5	7.07	1	0:00:36.788632
4180	0	0	7.07	1	0:00:36.591157
4200	4	2	7.07	0	0:00:35.091506
4220	4	0	7.07	0	0:00:34.898016
4240	7	7	6.91	1	0:00:35.799915
4260	8	8	7.07	1	0:00:35.191658
4280	8	8	5.64	1	0:00:35.864454
4300	8	8	7.07	1	0:00:35.075161
4320	1	9	5.65	0	0:00:36.392739
4340	0	0	7.07	1	0:00:35.380057
4360	6	6	7.07	1	0:00:36.182224
4380	9	9	7.07	1	0:00:34.975942
4400	3	3	7.07	1	0:00:36.415942
4420	5	5	6.81	1	0:00:36.708831
4440	2	2	6.17	1	0:00:35.590947
4460	9	9	3.68	1	0:00:34.921337
4480	9	9	6.23	1	0:00:35.157735
4500	3	6	6.84	0	0:00:35.123467
4520	3	-1	0.0	0	0:00:36.016494
4540	9	9	7.07	1	0:00:35.191967
4560	1	1	7.07	1	0:00:35.155957
4580	6	4	6.56	0	0:00:35.112489
4600	4	4	4.28	1	0:00:35.046041
4620	7	7	4.24	1	0:00:34.736473
4640	2	2	2.5	1	0:00:35.612448
4660	7	7	7.07	1	0:00:35.262824
4680	9	9	6.45	1	0:00:34.971658
4700	6	5	4.68	0	0:00:35.122518
4720	8	8	3.56	1	0:00:35.271843
4740	5	6	6.95	0	0:00:44.705532
4760	3	7	6.78	0	0:00:47.192505
4780	0	0	7.07	1	0:00:40.146456
4800	9	9	7.07	1	0:00:35.444214
4820	3	5	6.96	0	0:00:35.682200
4840	0	0	7.06	1	0:00:36.493037
4860	5	3	6.99	0	0:00:35.122588
4880	0	0	3.37	1	0:00:35.197656
4900	3	-1	0.0	0	0:00:35.996274
4920	7	7	2.13	1	0:00:36.515212
4940	6	6	4.84	1	0:00:35.683383
4960	4	7	6.21	0	0:00:37.057204
4980	1	1	7.01	1	0:00:36.399135
5000	7	7	7.06	1	0:00:36.400092
5020	8	8	7.07	1	0:00:36.555851
5040	3	4	6.47	0	0:00:36.683214
5060	6	6	6.65	1	0:00:36.203962
5080	7	7	3.11	1	0:00:36.623425
5100	3	3	7.07	1	0:00:36.927419
5120	9	9	5.92	1	0:00:35.927494
5140	8	1	2.97	0	0:00:35.081780
5160	0	9	7.07	0	0:00:35.041950
5180	9	2	3.91	0	0:00:36.870214
5200	3	3	6.87	1	0:00:39.541418
5220	0	0	7.07	1	0:00:36.429582
5240	1	1	6.64	1	0:00:36.294095
5260	0	0	7.07	1	0:00:35.507644
5280	0	8	6.91	0	0:00:37.123493
5300	9	1	6.51	0	0:00:34.961874
5320	7	3	7.07	0	0:00:36.133191
5340	3	6	4.51	0	0:00:35.172981
5360	9	9	6.99	1	0:00:35.130343
5380	1	1	7.07	1	0:00:35.059225
5400	9	9	5.78	1	0:00:35.312923
5420	6	6	7.07	1	0:00:36.934759
5440	9	1	6.49	0	0:00:35.674306
5460	0	1	6.99	0	0:00:35.636518
5480	1	1	7.07	1	0:00:35.081934
5500	8	-1	0.0	0	0:00:35.701457
5520	4	6	7.07	0	0:00:35.479550
5540	5	5	5.01	1	0:00:36.316345
5560	3	6	4.39	0	0:00:36.785170
5580	5	5	2.47	1	0:00:35.514051
5600	6	9	5.73	0	0:00:35.829849
5620	3	4	5.52	0	0:00:36.061013
5640	2	2	6.52	1	0:00:35.407379
5660	9	8	1.69	0	0:00:36.200206
5680	2	2	4.94	1	0:00:36.104049
5700	3	3	5.94	1	0:00:35.890401
5720	9	9	6.62	1	0:00:35.015704
5740	6	4	7.07	0	0:00:35.140090
5760	2	7	7.07	0	0:00:35.461879
5780	7	7	7.07	1	0:00:35.273822
5800	2	-1	0.0	0	0:00:35.436560
5820	5	6	3.15	0	0:00:35.659987
5840	2	2	5.4	1	0:00:36.159538
5860	0	9	7.07	0	0:00:35.626320
5880	0	0	6.83	1	0:00:37.377573
5900	4	-1	0.0	0	0:00:36.787898
5920	8	8	6.85	1	0:00:35.021457
5940	7	4	3.78	0	0:00:35.123463
5960	2	2	7.07	1	0:00:35.319101
5980	9	9	6.57	1	0:00:35.879305
6000	8	8	3.12	1	0:00:36.993389
6020	6	-1	0.0	0	0:00:35.252264
6040	2	6	6.9	0	0:00:36.292506
6060	3	5	6.74	0	0:00:35.151111
6080	1	9	3.21	0	0:00:34.977077
6100	1	1	7.06	1	0:00:35.152754
6120	5	8	5.0	0	0:00:35.278718
6140	9	9	3.75	1	0:00:35.175799
6160	2	6	6.07	0	0:00:35.156002
6180	0	8	6.61	0	0:00:35.218313
6200	3	2	6.55	0	0:00:35.105508
6220	2	6	6.68	0	0:00:35.123964
6240	2	2	6.6	1	0:00:35.041214
6260	2	0	4.29	0	0:00:35.811353
6280	8	5	6.82	0	0:00:35.453526
6300	1	7	6.49	0	0:00:35.685161
6320	0	0	5.48	1	0:00:35.400942
6340	3	3	3.33	1	0:00:35.005642
6360	2	4	4.45	0	0:00:34.938331
6380	3	6	7.07	0	0:00:35.858124
6400	0	3	2.99	0	0:00:35.008897
6420	7	9	6.83	0	0:00:35.121069
6440	3	7	5.51	0	0:00:34.920005
6460	3	5	5.45	0	0:00:35.094537
6480	0	-1	0.0	0	0:00:36.267661
6500	7	5	5.57	0	0:00:35.123254
6520	6	4	6.87	0	0:00:35.092766
6540	8	9	6.97	0	0:00:35.159532
6560	6	6	2.3	1	0:00:35.133718
6580	1	1	2.09	1	0:00:35.324625
6600	7	7	7.07	1	0:00:36.408802
6620	7	7	7.05	1	0:00:37.252037
6640	5	5	3.08	1	0:00:35.017502
6660	0	0	6.77	1	0:00:36.431643
6680	3	5	2.55	0	0:00:35.029623
6700	6	2	4.87	0	0:00:35.228071
6720	2	2	4.19	1	0:00:35.175578
6740	2	6	5.91	0	0:00:35.025875
6760	5	-1	0.0	0	0:00:35.062533
6780	7	7	7.07	1	0:00:35.059527
6800	6	4	4.4	0	0:00:35.034893
6820	1	1	6.58	1	0:00:35.435598
6840	9	1	6.25	0	0:00:35.285969
6860	0	0	7.07	1	0:00:35.047820
6880	2	2	0.651	1	0:00:36.723422
6900	3	-1	0.0	0	0:00:38.174314
6920	5	4	7.07	0	0:00:35.891382
6940	1	1	6.51	1	0:00:35.247613
6960	9	9	6.87	1	0:00:35.984771
6980	0	1	1.14	0	0:00:35.941349
7000	2	8	6.36	0	0:00:35.002665
7020	7	7	7.07	1	0:00:34.922461
7040	7	8	5.36	0	0:00:34.954245
7060	8	8	6.93	1	0:00:36.869867
7080	5	5	7.06	1	0:00:37.393963
7100	9	8	6.82	0	0:00:36.068987
7120	7	-1	0.0	0	0:00:35.076446
7140	4	7	2.17	0	0:00:35.476869
7160	5	7	1.85	0	0:00:38.058869
7180	6	6	7.07	1	0:00:35.004757
7200	4	2	4.52	0	0:00:34.953005
7220	9	9	6.45	1	0:00:35.458256
7240	0	-1	0.0	0	0:00:36.716675
7260	1	9	7.07	0	0:00:36.252390
7280	1	9	6.62	0	0:00:37.298756
7300	3	-1	0.0	0	0:00:34.978826
7320	8	0	7.07	0	0:00:35.222046
7340	2	7	5.96	0	0:00:36.337362
7360	2	4	3.64	0	0:00:36.992120
7380	7	1	5.95	0	0:00:35.026014
7400	3	5	6.26	0	0:00:36.548728
7420	3	2	6.79	0	0:00:35.758966
7440	3	5	3.87	0	0:00:35.962458
7460	5	5	7.07	1	0:00:34.947108
7480	1	8	4.58	0	0:00:35.082982
7500	6	6	6.96	1	0:00:35.024552
7520	4	4	5.74	1	0:00:35.000709
7540	5	5	7.06	1	0:00:35.548670
7560	0	7	6.76	0	0:00:36.246695
7580	8	8	6.98	1	0:00:36.808818
7600	8	9	2.55	0	0:00:35.756495
7620	5	3	6.36	0	0:00:35.998920
7640	9	9	7.07	1	0:00:35.506880
7660	7	5	6.31	0	0:00:34.998744
7680	3	5	6.91	0	0:00:34.082897
7700	6	6	7.07	1	0:00:33.770827
7720	5	5	6.6	1	0:00:33.819167
7740	4	5	5.29	0	0:00:33.771829
7760	2	8	6.23	0	0:00:33.538140
7780	3	8	7.07	0	0:00:35.786422
7800	0	0	5.11	1	0:00:36.662131
7820	5	8	7.04	0	0:00:36.432163
7840	1	1	7.07	1	0:00:36.515767
7860	8	9	6.62	0	0:00:36.458248
7880	0	0	7.01	1	0:00:36.439805
7900	0	8	5.84	0	0:00:36.490241
7920	9	6	2.83	0	0:00:36.480620
7940	2	4	7.07	0	0:00:36.531616
7960	0	0	5.24	1	0:00:36.536718
7980	3	3	4.97	1	0:00:36.495745
8000	9	9	6.84	1	0:00:36.084828
8020	6	6	6.95	1	0:00:33.409353
8040	2	2	7.05	1	0:00:34.660950
8060	6	6	6.98	1	0:00:33.720368
8080	4	7	5.14	0	0:00:33.541602
8100	6	6	6.6	1	0:00:33.689703
8120	8	8	3.18	1	0:00:33.615964
8140	5	5	3.53	1	0:00:33.486869
8160	6	0	3.12	0	0:00:33.610673
8180	4	6	6.41	0	0:00:34.164786
8200	3	2	2.05	0	0:00:36.479867
8220	6	5	6.16	0	0:00:36.410523
8240	7	7	7.07	1	0:00:36.533444
8260	1	1	5.69	1	0:00:36.451886
8280	4	3	6.88	0	0:00:36.444000
8300	5	3	6.98	0	0:00:36.427410
8320	7	-1	0.0	0	0:00:36.354576
8340	5	3	5.3	0	0:00:34.985506
8360	7	7	7.07	1	0:00:33.554702
8380	9	9	7.07	1	0:00:33.599367
8400	0	9	5.89	0	0:00:33.703350
8420	3	3	4.89	1	0:00:33.445978
8440	5	3	1.51	0	0:00:33.518534
8460	8	8	7.07	1	0:00:33.573347
8480	2	2	6.52	1	0:00:33.527467
8500	4	4	5.57	1	0:00:33.573387
8520	8	2	7.07	0	0:00:33.537903
8540	4	7	4.78	0	0:00:33.541108
8560	7	7	3.51	1	0:00:33.310080
8580	3	0	6.56	0	0:00:33.113237
8600	3	2	1.05	0	0:00:33.066728
8620	3	2	3.12	0	0:00:33.359607
8640	1	3	6.25	0	0:00:33.125285
8660	7	5	4.18	0	0:00:33.042802
8680	3	7	7.0	0	0:00:32.926948
8700	3	3	7.07	1	0:00:33.044709
8720	2	0	7.07	0	0:00:32.947760
8740	2	2	5.26	1	0:00:32.991541
8760	8	8	6.98	1	0:00:32.955491
8780	4	7	7.07	0	0:00:32.933539
8800	0	0	7.07	1	0:00:32.928756
8820	2	2	7.07	1	0:00:32.947050
8840	2	2	6.59	1	0:00:32.955642
8860	2	-1	0.0	0	0:00:32.998492
8880	1	1	7.07	1	0:00:32.965565
8900	2	4	6.5	0	0:00:33.021104
8920	6	6	7.07	1	0:00:32.933351
8940	6	9	1.66	0	0:00:33.033020
8960	0	0	7.07	1	0:00:32.999297
8980	9	8	7.01	0	0:00:32.995748
9000	8	8	7.04	1	0:00:32.973525
9020	7	7	4.45	1	0:00:33.003814
9040	2	5	5.24	0	0:00:33.094223
9060	9	3	4.48	0	0:00:33.109640
9080	3	0	6.12	0	0:00:32.984102
9100	9	9	2.7	1	0:00:33.506226
9120	3	5	6.68	0	0:00:33.837178
9140	7	0	3.38	0	0:00:33.033876
9160	5	5	7.07	1	0:00:33.107119
9180	5	5	7.07	1	0:00:33.392808
9200	8	8	7.07	1	0:00:34.558119
9220	8	8	7.07	1	0:00:34.778493
9240	8	8	7.07	1	0:00:35.064681
9260	5	5	6.88	1	0:00:34.292972
9280	9	1	6.95	0	0:00:33.982545
9300	5	5	6.33	1	0:00:35.047211
9320	9	9	6.99	1	0:00:34.952191
9340	1	0	4.52	0	0:00:34.870861
9360	5	5	6.72	1	0:00:34.338690
9380	5	5	3.47	1	0:00:34.177564
9400	6	4	5.68	0	0:00:34.865122
9420	5	6	7.04	0	0:00:34.444160
9440	8	8	7.07	1	0:00:34.459335
9460	3	6	2.48	0	0:00:34.343499
9480	2	2	7.07	1	0:00:35.592592
9500	9	9	6.81	1	0:00:35.028800
9520	1	9	7.05	0	0:00:34.220032
9540	5	5	7.07	1	0:00:33.802931
9560	9	7	7.07	0	0:00:34.760616
9580	1	1	7.07	1	0:00:33.531135
9600	8	8	7.07	1	0:00:34.116577
9620	4	4	6.32	1	0:00:33.937754
9640	5	5	3.14	1	0:00:34.026571
9660	6	6	7.0	1	0:00:33.795721
9680	8	8	7.07	1	0:00:33.757276
9700	0	0	7.07	1	0:00:33.787472
9720	8	-1	0.0	0	0:00:33.796561
9740	3	2	6.66	0	0:00:33.487446
9760	9	7	3.71	0	0:00:33.418199
9780	4	6	6.99	0	0:00:33.080102
9800	1	9	7.07	0	0:00:33.766799
9820	0	8	7.05	0	0:00:33.787736
9840	4	6	5.87	0	0:00:33.558807
9860	0	0	3.9	1	0:00:33.634452
9880	7	7	5.11	1	0:00:33.643569
9900	8	0	7.04	0	0:00:33.633443
9920	6	6	4.61	1	0:00:33.663926
9940	4	4	4.38	1	0:00:33.608557
9960	2	0	7.07	0	0:00:33.657561
9980	0	0	7.07	1	0:00:33.661629
