idx	label	predict	radius	correct	time
0	3	3	3.54	1	0:00:29.522000
20	7	7	3.54	1	0:00:29.332355
40	4	4	3.52	1	0:00:29.283937
60	7	7	3.44	1	0:00:29.323009
80	8	8	2.8	1	0:00:29.401905
100	4	-1	0.0	0	0:00:30.011029
120	8	8	3.53	1	0:00:30.165131
140	6	6	3.54	1	0:00:30.151969
160	2	2	3.54	1	0:00:30.249185
180	0	0	3.54	1	0:00:30.404722
200	5	5	2.84	1	0:00:30.098688
220	7	7	3.54	1	0:00:30.531277
240	1	1	3.54	1	0:00:30.221221
260	8	6	3.54	0	0:00:30.162999
280	9	9	3.54	1	0:00:30.234886
300	6	6	3.41	1	0:00:30.085506
320	3	3	2.84	1	0:00:30.064532
340	2	3	3.02	0	0:00:30.440268
360	9	9	3.54	1	0:00:30.021315
380	6	6	3.54	1	0:00:30.065004
400	9	9	3.54	1	0:00:30.196042
420	4	4	3.54	1	0:00:30.339289
440	1	9	0.325	0	0:00:29.853199
460	5	3	2.91	0	0:00:30.001122
480	8	1	3.24	0	0:00:30.094906
500	4	2	3.26	0	0:00:30.213563
520	5	5	3.5	1	0:00:30.349247
540	1	1	1.47	1	0:00:29.980694
560	0	0	3.54	1	0:00:29.960341
580	4	4	3.54	1	0:00:30.015039
600	8	9	3.27	0	0:00:30.505199
620	7	7	3.54	1	0:00:30.025148
640	5	5	1.38	1	0:00:30.120234
660	9	9	3.54	1	0:00:30.150694
680	9	1	3.44	0	0:00:30.799294
700	7	7	2.93	1	0:00:30.440562
720	4	7	1.4	0	0:00:30.190434
740	2	3	3.09	0	0:00:30.023564
760	3	5	2.73	0	0:00:29.994041
780	9	9	3.54	1	0:00:29.925595
800	7	7	3.54	1	0:00:30.019643
820	6	6	3.54	1	0:00:30.232314
840	7	7	3.54	1	0:00:30.201808
860	4	4	3.5	1	0:00:30.652028
880	8	8	3.54	1	0:00:29.864551
900	2	3	2.74	0	0:00:30.116426
920	6	6	3.54	1	0:00:30.083386
940	9	1	2.19	0	0:00:30.267564
960	9	4	1.22	0	0:00:30.308222
980	2	6	3.5	0	0:00:29.994393
1000	5	5	3.54	1	0:00:30.136428
1020	1	9	2.44	0	0:00:30.125505
1040	7	5	3.54	0	0:00:30.529638
1060	9	9	3.54	1	0:00:30.234651
1080	6	6	3.54	1	0:00:30.162604
1100	7	0	2.34	0	0:00:30.394802
1120	5	2	3.52	0	0:00:29.958580
1140	6	3	3.04	0	0:00:29.973042
1160	8	8	3.53	1	0:00:30.760984
1180	3	3	3.54	1	0:00:30.198345
1200	8	8	3.53	1	0:00:31.140756
1220	9	7	2.91	0	0:00:30.554265
1240	2	6	3.47	0	0:00:30.020032
1260	1	1	2.64	1	0:00:30.328701
1280	3	7	3.54	0	0:00:30.146008
1300	4	4	3.25	1	0:00:30.241329
1320	7	7	2.89	1	0:00:30.051448
1340	1	1	3.46	1	0:00:30.303835
1360	7	7	3.54	1	0:00:30.080477
1380	4	2	2.81	0	0:00:30.685542
1400	5	5	3.24	1	0:00:30.019179
1420	4	7	3.53	0	0:00:30.002896
1440	0	8	3.2	0	0:00:29.965868
1460	6	6	3.54	1	0:00:29.977926
1480	1	5	3.06	0	0:00:30.725471
1500	1	1	1.35	1	0:00:30.529692
1520	7	7	3.54	1	0:00:29.905797
1540	8	8	3.54	1	0:00:29.945677
1560	7	7	3.54	1	0:00:29.995265
1580	6	5	3.2	0	0:00:29.991355
1600	8	9	3.15	0	0:00:30.184494
1620	5	5	3.49	1	0:00:30.316140
1640	7	4	2.23	0	0:00:30.311699
1660	3	3	3.53	1	0:00:29.856199
1680	6	6	3.52	1	0:00:30.168130
1700	5	5	3.54	1	0:00:30.546862
1720	4	2	2.33	0	0:00:29.825999
1740	1	9	2.99	0	0:00:30.160011
1760	0	0	3.54	1	0:00:30.043402
1780	7	9	2.12	0	0:00:29.779371
1800	4	2	2.47	0	0:00:30.454865
1820	8	8	3.25	1	0:00:30.315130
1840	8	8	3.53	1	0:00:30.128655
1860	8	8	3.54	1	0:00:30.087314
1880	1	1	3.54	1	0:00:29.723979
1900	8	8	3.54	1	0:00:29.895543
1920	2	2	3.53	1	0:00:30.043484
1940	5	3	3.54	0	0:00:30.060723
1960	2	5	3.54	0	0:00:30.018390
1980	9	9	3.54	1	0:00:30.604634
2000	1	9	1.89	0	0:00:29.951470
2020	9	9	3.54	1	0:00:29.928941
2040	0	0	3.54	1	0:00:30.244161
2060	5	3	3.54	0	0:00:29.838278
2080	1	9	3.54	0	0:00:29.937323
2100	2	2	3.54	1	0:00:30.102537
2120	4	-1	0.0	0	0:00:30.064194
2140	9	9	3.54	1	0:00:29.985589
2160	0	0	2.84	1	0:00:30.143656
2180	4	4	3.54	1	0:00:30.155643
2200	0	0	3.32	1	0:00:30.040606
2220	1	1	3.53	1	0:00:30.088144
2240	9	9	3.53	1	0:00:30.060989
2260	4	4	3.54	1	0:00:30.107392
2280	4	8	1.1	0	0:00:30.063820
2300	3	2	2.16	0	0:00:29.966124
2320	5	2	3.44	0	0:00:30.352691
2340	7	7	3.54	1	0:00:30.058774
2360	7	7	3.54	1	0:00:29.984940
2380	8	8	3.54	1	0:00:30.108253
2400	0	0	3.54	1	0:00:30.235136
2420	8	1	3.54	0	0:00:30.079828
2440	7	7	3.54	1	0:00:29.804337
2460	9	3	1.92	0	0:00:29.847765
2480	8	8	3.53	1	0:00:29.957207
2500	4	4	2.96	1	0:00:30.094918
2520	1	1	3.54	1	0:00:30.087354
2540	2	2	1.35	1	0:00:30.016314
2560	7	7	3.54	1	0:00:30.113394
2580	6	6	2.07	1	0:00:30.252973
2600	8	8	3.54	1	0:00:30.176976
2620	1	4	3.22	0	0:00:30.002588
2640	7	7	3.54	1	0:00:30.286730
2660	3	3	3.42	1	0:00:30.140591
2680	0	0	3.54	1	0:00:30.161329
2700	9	1	0.541	0	0:00:30.099601
2720	3	3	3.54	1	0:00:30.406966
2740	1	-1	0.0	0	0:00:30.233599
2760	2	2	3.54	1	0:00:30.239764
2780	7	7	3.54	1	0:00:30.083809
2800	4	4	3.54	1	0:00:30.692565
2820	6	6	3.54	1	0:00:30.117227
2840	3	3	3.54	1	0:00:30.055560
2860	5	5	1.49	1	0:00:30.069168
2880	4	4	3.54	1	0:00:30.279215
2900	3	-1	0.0	0	0:00:30.176240
2920	2	3	2.31	0	0:00:30.223151
2940	3	7	1.6	0	0:00:30.165661
2960	9	9	3.33	1	0:00:29.793901
2980	8	8	3.54	1	0:00:29.866015
3000	5	5	3.54	1	0:00:30.110351
3020	1	9	0.262	0	0:00:30.069782
3040	7	7	3.54	1	0:00:30.003904
3060	7	7	3.54	1	0:00:29.853291
3080	1	0	3.54	0	0:00:30.726841
3100	0	0	3.54	1	0:00:30.567532
3120	4	6	3.54	0	0:00:30.801014
3140	8	8	0.431	1	0:00:30.236328
3160	6	2	3.54	0	0:00:30.334752
3180	3	9	3.31	0	0:00:30.228732
3200	5	5	3.43	1	0:00:30.100355
3220	3	9	1.21	0	0:00:29.989966
3240	4	2	0.943	0	0:00:30.375257
3260	7	7	2.11	1	0:00:30.044284
3280	3	5	3.47	0	0:00:30.135335
3300	4	4	3.53	1	0:00:30.071047
3320	2	9	3.09	0	0:00:30.103035
3340	6	6	3.54	1	0:00:30.290805
3360	4	6	2.62	0	0:00:29.956280
3380	8	8	3.54	1	0:00:30.056879
3400	6	6	2.67	1	0:00:29.957113
3420	5	3	3.54	0	0:00:30.134634
3440	2	2	3.52	1	0:00:30.581926
3460	1	1	3.54	1	0:00:29.861754
3480	2	2	3.54	1	0:00:30.062685
3500	1	1	3.25	1	0:00:30.057108
3520	1	1	3.54	1	0:00:30.150757
3540	6	6	3.54	1	0:00:29.903786
3560	1	9	1.81	0	0:00:30.081814
3580	4	4	3.54	1	0:00:30.182002
3600	4	2	3.54	0	0:00:30.297422
3620	0	0	2.39	1	0:00:30.158886
3640	6	6	2.59	1	0:00:30.009100
3660	0	0	3.54	1	0:00:30.032797
3680	0	7	3.54	0	0:00:30.152955
3700	3	3	1.25	1	0:00:29.972533
3720	2	2	3.54	1	0:00:29.981738
3740	0	0	3.54	1	0:00:30.106076
3760	7	7	3.54	1	0:00:30.215365
3780	4	4	0.315	1	0:00:29.955155
3800	9	9	3.53	1	0:00:29.921689
3820	0	2	3.53	0	0:00:30.122074
3840	6	2	0.31	0	0:00:30.346823
3860	7	7	3.54	1	0:00:30.018829
3880	6	-1	0.0	0	0:00:30.020806
3900	3	3	3.54	1	0:00:30.461995
3920	7	7	3.09	1	0:00:30.186412
3940	6	-1	0.0	0	0:00:30.162491
3960	2	2	3.54	1	0:00:30.156452
3980	9	9	3.54	1	0:00:30.003367
4000	8	8	3.51	1	0:00:29.949026
4020	8	8	3.41	1	0:00:29.919262
4040	0	0	3.54	1	0:00:29.918084
4060	6	5	1.94	0	0:00:29.923983
4080	1	1	3.54	1	0:00:30.051971
4100	7	7	3.54	1	0:00:29.838588
4120	4	0	1.38	0	0:00:29.826253
4140	5	3	3.54	0	0:00:30.098953
4160	5	5	1.62	1	0:00:30.020019
4180	0	0	2.01	1	0:00:30.181196
4200	4	2	2.48	0	0:00:30.232010
4220	4	0	3.54	0	0:00:30.144433
4240	7	0	3.51	0	0:00:30.113705
4260	8	8	3.54	1	0:00:31.111754
4280	8	8	3.53	1	0:00:30.345623
4300	8	8	3.54	1	0:00:30.095670
4320	1	-1	0.0	0	0:00:30.008292
4340	0	0	3.54	1	0:00:29.965558
4360	6	6	2.99	1	0:00:30.046569
4380	9	9	2.56	1	0:00:30.196170
4400	3	3	0.76	1	0:00:30.160583
4420	5	5	1.48	1	0:00:30.112512
4440	2	2	3.54	1	0:00:29.998815
4460	9	9	1.51	1	0:00:30.342797
4480	9	9	3.54	1	0:00:30.262297
4500	3	3	3.14	1	0:00:30.430758
4520	3	3	3.54	1	0:00:30.347173
4540	9	9	3.54	1	0:00:30.675783
4560	1	1	3.54	1	0:00:30.831135
4580	6	6	3.54	1	0:00:30.448824
4600	4	4	2.98	1	0:00:30.333743
4620	7	3	2.25	0	0:00:30.246063
4640	2	2	3.54	1	0:00:30.122895
4660	7	7	3.54	1	0:00:30.137628
4680	9	9	2.47	1	0:00:30.141479
4700	6	9	3.33	0	0:00:30.103453
4720	8	8	3.28	1	0:00:30.102174
4740	5	5	3.12	1	0:00:30.143586
4760	3	3	3.54	1	0:00:30.089112
4780	0	0	1.83	1	0:00:30.310783
4800	9	9	3.54	1	0:00:30.236799
4820	3	3	3.54	1	0:00:30.045613
4840	0	0	3.54	1	0:00:30.100830
4860	5	3	3.14	0	0:00:30.217603
4880	0	0	0.266	1	0:00:29.846638
4900	3	9	1.09	0	0:00:30.146836
4920	7	7	3.54	1	0:00:30.153462
4940	6	6	3.54	1	0:00:30.001152
4960	4	4	2.28	1	0:00:31.000827
4980	1	1	2.98	1	0:00:30.235119
5000	7	7	3.54	1	0:00:30.145971
5020	8	8	3.54	1	0:00:30.162300
5040	3	2	1.92	0	0:00:30.206083
5060	6	6	3.45	1	0:00:30.280228
5080	7	7	3.54	1	0:00:30.107832
5100	3	3	3.54	1	0:00:30.174541
5120	9	9	2.42	1	0:00:30.213008
5140	8	8	3.22	1	0:00:30.166810
5160	0	0	2.63	1	0:00:30.497086
5180	9	9	3.5	1	0:00:30.282490
5200	3	3	2.1	1	0:00:30.670900
5220	0	0	2.58	1	0:00:30.133549
5240	1	9	3.54	0	0:00:30.076010
5260	0	0	3.54	1	0:00:30.166058
5280	0	8	2.61	0	0:00:29.915647
5300	9	1	3.54	0	0:00:30.023418
5320	7	7	3.09	1	0:00:30.006314
5340	3	2	3.0	0	0:00:30.263245
5360	9	3	2.21	0	0:00:30.140926
5380	1	1	3.54	1	0:00:30.103610
5400	9	0	2.43	0	0:00:30.703460
5420	6	6	3.54	1	0:00:30.187838
5440	9	9	3.54	1	0:00:30.121122
5460	0	7	2.36	0	0:00:29.981438
5480	1	1	3.54	1	0:00:30.137650
5500	8	1	2.26	0	0:00:37.368624
5520	4	4	3.54	1	0:00:42.281294
5540	5	5	2.94	1	0:00:41.994412
5560	3	5	3.53	0	0:00:30.068393
5580	5	3	3.54	0	0:00:29.993099
5600	6	9	2.45	0	0:00:30.222519
5620	3	-1	0.0	0	0:00:30.251366
5640	2	3	3.06	0	0:00:30.193959
5660	9	-1	0.0	0	0:00:30.241179
5680	2	8	3.22	0	0:00:29.925270
5700	3	3	3.54	1	0:00:30.945570
5720	9	9	3.54	1	0:00:30.490295
5740	6	6	3.54	1	0:00:30.346976
5760	2	4	2.94	0	0:00:29.990713
5780	7	7	3.54	1	0:00:30.003079
5800	2	2	2.41	1	0:00:31.779371
5820	5	5	3.24	1	0:00:31.341783
5840	2	6	3.02	0	0:00:31.149684
5860	0	9	3.51	0	0:00:31.628466
5880	0	0	3.54	1	0:00:31.184654
5900	4	0	1.49	0	0:00:30.923532
5920	8	8	3.54	1	0:00:30.933859
5940	7	6	2.3	0	0:00:33.046475
5960	2	2	1.1	1	0:00:31.038965
5980	9	9	3.54	1	0:00:30.553625
6000	8	1	3.13	0	0:00:30.830166
6020	6	6	3.52	1	0:00:30.885905
6040	2	6	2.73	0	0:00:31.985909
6060	3	0	2.4	0	0:00:34.055814
6080	1	9	3.51	0	0:00:30.763937
6100	1	1	3.53	1	0:00:30.645123
6120	5	5	3.54	1	0:00:30.487770
6140	9	9	3.54	1	0:00:30.587951
6160	2	2	1.18	1	0:00:30.649484
6180	0	2	0.463	0	0:00:30.843244
6200	3	3	3.42	1	0:00:31.369684
6220	2	2	1.74	1	0:00:30.458233
6240	2	2	3.47	1	0:00:30.346400
6260	2	1	3.28	0	0:00:30.618314
6280	8	5	3.53	0	0:00:30.650054
6300	1	1	3.11	1	0:00:30.559625
6320	0	0	3.52	1	0:00:30.886370
6340	3	3	1.61	1	0:00:30.859281
6360	2	2	3.54	1	0:00:30.415905
6380	3	-1	0.0	0	0:00:30.683648
6400	0	0	2.75	1	0:00:30.319058
6420	7	7	1.76	1	0:00:30.493536
6440	3	4	3.24	0	0:00:30.513597
6460	3	1	3.35	0	0:00:30.629396
6480	0	2	2.79	0	0:00:30.410022
6500	7	-1	0.0	0	0:00:30.434284
6520	6	2	0.758	0	0:00:30.532048
6540	8	-1	0.0	0	0:00:30.629958
6560	6	6	3.52	1	0:00:30.619662
6580	1	9	3.42	0	0:00:30.671572
6600	7	7	3.54	1	0:00:30.658571
6620	7	7	3.54	1	0:00:30.646048
6640	5	3	3.51	0	0:00:30.781455
6660	0	0	3.54	1	0:00:30.559581
6680	3	2	3.5	0	0:00:30.590839
6700	6	6	0.77	1	0:00:30.722211
6720	2	2	3.28	1	0:00:30.529221
6740	2	2	3.54	1	0:00:30.969381
6760	5	5	3.54	1	0:00:30.879783
6780	7	7	3.54	1	0:00:30.815174
6800	6	6	3.54	1	0:00:30.735804
6820	1	1	3.54	1	0:00:30.727216
6840	9	9	3.09	1	0:00:30.757689
6860	0	0	3.54	1	0:00:30.529213
6880	2	2	3.54	1	0:00:30.993753
6900	3	2	2.21	0	0:00:30.504730
6920	5	4	3.52	0	0:00:30.993804
6940	1	1	3.54	1	0:00:30.597927
6960	9	9	3.54	1	0:00:30.929628
6980	0	9	3.53	0	0:00:30.676079
7000	2	9	2.34	0	0:00:30.549116
7020	7	7	3.54	1	0:00:31.161843
7040	7	0	0.579	0	0:00:30.692252
7060	8	8	3.48	1	0:00:30.582045
7080	5	4	0.833	0	0:00:30.540104
7100	9	8	2.17	0	0:00:30.656632
7120	7	3	1.57	0	0:00:30.765903
7140	4	7	3.37	0	0:00:30.432845
7160	5	5	3.54	1	0:00:30.399915
7180	6	6	3.54	1	0:00:30.338874
7200	4	3	1.39	0	0:00:30.638913
7220	9	9	3.53	1	0:00:30.643060
7240	0	0	2.63	1	0:00:30.610663
7260	1	1	3.54	1	0:00:30.736875
7280	1	9	3.54	0	0:00:30.518346
7300	3	7	1.19	0	0:00:30.679138
7320	8	8	2.57	1	0:00:31.160759
7340	2	4	3.34	0	0:00:30.718748
7360	2	3	1.52	0	0:00:30.565990
7380	7	7	3.54	1	0:00:30.438197
7400	3	3	3.41	1	0:00:29.973933
7420	3	-1	0.0	0	0:00:29.849479
7440	3	3	3.54	1	0:00:29.870153
7460	5	5	3.54	1	0:00:29.752892
7480	1	8	3.45	0	0:00:29.927970
7500	6	6	3.54	1	0:00:30.146315
7520	4	6	3.24	0	0:00:29.859133
7540	5	5	3.54	1	0:00:30.169727
7560	0	0	3.54	1	0:00:30.108464
7580	8	8	3.54	1	0:00:30.101730
7600	8	9	1.18	0	0:00:30.331566
7620	5	4	3.23	0	0:00:29.859718
7640	9	9	3.5	1	0:00:29.867194
7660	7	1	2.65	0	0:00:29.795163
7680	3	5	1.99	0	0:00:29.939637
7700	6	6	3.54	1	0:00:30.099133
7720	5	5	3.54	1	0:00:30.206585
7740	4	5	2.35	0	0:00:30.003077
7760	2	8	3.5	0	0:00:30.029531
7780	3	5	3.45	0	0:00:29.922646
7800	0	0	3.44	1	0:00:30.130719
7820	5	-1	0.0	0	0:00:29.833440
7840	1	1	3.54	1	0:00:30.115273
7860	8	8	2.42	1	0:00:30.364608
7880	0	0	3.54	1	0:00:30.136099
7900	0	-1	0.0	0	0:00:30.126660
7920	9	3	2.57	0	0:00:30.123657
7940	2	2	3.5	1	0:00:30.078074
7960	0	0	3.54	1	0:00:30.008825
7980	3	-1	0.0	0	0:00:30.308870
8000	9	9	3.54	1	0:00:29.891240
8020	6	2	3.34	0	0:00:29.832941
8040	2	2	3.54	1	0:00:29.949656
8060	6	6	3.54	1	0:00:30.601366
8080	4	4	3.53	1	0:00:29.900887
8100	6	-1	0.0	0	0:00:29.892576
8120	8	8	1.08	1	0:00:30.188760
8140	5	3	3.54	0	0:00:30.245563
8160	6	6	3.54	1	0:00:30.016552
8180	4	4	1.17	1	0:00:30.076918
8200	3	3	3.39	1	0:00:30.056611
8220	6	4	0.361	0	0:00:30.247510
8240	7	7	3.54	1	0:00:30.087145
8260	1	1	3.54	1	0:00:30.204549
8280	4	3	2.05	0	0:00:30.188408
8300	5	5	0.744	1	0:00:30.074526
8320	7	7	3.05	1	0:00:30.135266
8340	5	3	3.53	0	0:00:30.061898
8360	7	7	3.54	1	0:00:29.973723
8380	9	9	2.21	1	0:00:30.143482
8400	0	0	2.83	1	0:00:30.167888
8420	3	3	1.73	1	0:00:30.376913
8440	5	3	3.41	0	0:00:30.305772
8460	8	8	3.52	1	0:00:30.018164
8480	2	0	0.584	0	0:00:30.430977
8500	4	4	3.54	1	0:00:30.034989
8520	8	8	0.772	1	0:00:30.024936
8540	4	4	3.45	1	0:00:29.938990
8560	7	-1	0.0	0	0:00:30.295274
8580	3	2	3.54	0	0:00:30.013747
8600	3	3	3.27	1	0:00:30.173087
8620	3	3	0.81	1	0:00:30.238881
8640	1	1	3.54	1	0:00:30.066217
8660	7	7	3.54	1	0:00:30.423549
8680	3	7	2.26	0	0:00:30.885058
8700	3	3	3.54	1	0:00:30.005849
8720	2	0	3.54	0	0:00:30.083516
8740	2	2	3.54	1	0:00:30.370682
8760	8	8	3.54	1	0:00:30.100974
8780	4	4	3.53	1	0:00:30.319476
8800	0	0	3.54	1	0:00:30.337999
8820	2	2	2.84	1	0:00:30.150171
8840	2	6	3.53	0	0:00:30.641181
8860	2	2	3.52	1	0:00:30.476693
8880	1	1	3.54	1	0:00:30.044245
8900	2	2	3.09	1	0:00:29.952110
8920	6	6	3.54	1	0:00:30.320883
8940	6	3	1.47	0	0:00:29.957910
8960	0	0	3.54	1	0:00:29.590197
8980	9	9	3.54	1	0:00:29.539438
9000	8	8	3.54	1	0:00:30.074664
9020	7	9	3.54	0	0:00:29.857516
9040	2	2	3.53	1	0:00:29.907733
9060	9	9	2.29	1	0:00:29.762045
9080	3	3	1.85	1	0:00:29.492018
9100	9	9	3.14	1	0:00:29.653049
9120	3	5	2.71	0	0:00:29.482973
9140	7	9	3.28	0	0:00:29.330221
9160	5	5	3.31	1	0:00:29.477651
9180	5	5	3.54	1	0:00:29.428064
9200	8	8	3.54	1	0:00:29.284513
9220	8	8	3.52	1	0:00:29.369254
9240	8	8	3.54	1	0:00:29.220915
9260	5	5	2.74	1	0:00:29.210074
9280	9	9	1.81	1	0:00:29.381764
9300	5	2	3.46	0	0:00:29.372126
9320	9	9	3.54	1	0:00:29.685655
9340	1	1	3.54	1	0:00:29.689695
9360	5	5	3.54	1	0:00:29.228482
9380	5	5	3.54	1	0:00:29.544533
9400	6	4	1.48	0	0:00:29.679778
9420	5	5	3.5	1	0:00:29.683827
9440	8	8	3.54	1	0:00:29.366184
9460	3	7	1.05	0	0:00:29.337823
9480	2	2	3.54	1	0:00:29.308445
9500	9	9	2.72	1	0:00:29.258675
9520	1	9	3.53	0	0:00:29.334192
9540	5	5	3.54	1	0:00:29.368590
9560	9	-1	0.0	0	0:00:29.459498
9580	1	1	3.54	1	0:00:29.387257
9600	8	8	3.54	1	0:00:29.517621
9620	4	4	3.5	1	0:00:29.375546
9640	5	5	3.53	1	0:00:29.532750
9660	6	6	3.54	1	0:00:29.389131
9680	8	8	3.54	1	0:00:29.420287
9700	0	0	3.54	1	0:00:29.652498
9720	8	8	3.54	1	0:00:29.673661
9740	3	6	3.54	0	0:00:29.464371
9760	9	7	3.54	0	0:00:29.519341
9780	4	4	3.53	1	0:00:29.595278
9800	1	1	3.54	1	0:00:29.598390
9820	0	8	3.52	0	0:00:29.710138
9840	4	7	2.55	0	0:00:29.615727
9860	0	2	3.3	0	0:00:29.659463
9880	7	7	3.54	1	0:00:29.615043
9900	8	0	3.19	0	0:00:29.639874
9920	6	6	3.21	1	0:00:29.593599
9940	4	4	3.42	1	0:00:29.602871
9960	2	0	3.54	0	0:00:29.569382
9980	0	0	3.54	1	0:00:29.520343
