idx	label	predict	radius	correct	time
0	7	7	88.9	1	0:00:07.074862
20	9	9	88.9	1	0:00:06.554230
40	1	1	88.9	1	0:00:06.563005
60	7	7	84.0	1	0:00:06.600601
80	7	7	27.3	1	0:00:06.544614
100	6	6	88.9	1	0:00:06.529784
120	5	5	68.4	1	0:00:06.942904
140	6	6	88.9	1	0:00:09.890120
160	4	4	58.6	1	0:00:10.088071
180	1	1	88.9	1	0:00:09.790789
200	3	3	62.8	1	0:00:09.807214
220	7	7	82.5	1	0:00:09.870752
240	5	5	88.9	1	0:00:09.785754
260	8	8	51.6	1	0:00:09.857399
280	2	2	88.9	1	0:00:09.786680
300	4	4	67.3	1	0:00:09.457894
320	9	9	30.7	1	0:00:07.933290
340	5	3	22.6	0	0:00:07.623233
360	4	4	88.9	1	0:00:07.850574
380	0	0	81.3	1	0:00:07.614914
400	2	2	88.9	1	0:00:07.984723
420	4	4	88.9	1	0:00:07.580807
440	0	0	80.2	1	0:00:07.761058
460	5	5	82.5	1	0:00:07.618401
480	1	1	88.9	1	0:00:07.602814
500	3	3	88.9	1	0:00:07.704037
520	8	8	70.5	1	0:00:07.625759
540	5	5	88.9	1	0:00:07.684256
560	9	9	75.8	1	0:00:07.581508
580	8	8	82.5	1	0:00:07.599884
600	6	6	88.9	1	0:00:07.610634
620	0	0	84.0	1	0:00:07.644640
640	1	1	79.3	1	0:00:07.609153
660	4	4	86.0	1	0:00:07.589743
680	6	6	88.9	1	0:00:07.598351
700	1	1	75.2	1	0:00:08.131431
720	5	5	47.6	1	0:00:07.909246
740	4	9	88.9	0	0:00:07.703488
760	4	4	69.1	1	0:00:07.684857
780	3	3	88.9	1	0:00:07.719981
800	8	8	75.8	1	0:00:07.635809
820	6	6	88.9	1	0:00:07.614456
840	1	1	88.9	1	0:00:09.673501
860	6	6	88.9	1	0:00:10.284549
880	7	7	88.9	1	0:00:10.297437
900	1	1	30.8	1	0:00:10.320656
920	1	1	88.9	1	0:00:10.279672
940	6	6	88.9	1	0:00:10.321319
960	7	7	10.1	1	0:00:10.342394
980	2	2	88.9	1	0:00:10.271074
1000	9	9	86.0	1	0:00:10.260949
1020	3	3	88.9	1	0:00:10.258944
1040	1	1	88.9	1	0:00:10.140655
1060	4	4	88.9	1	0:00:07.658385
1080	4	4	88.9	1	0:00:07.633771
1100	7	7	82.5	1	0:00:07.629745
1120	8	8	75.8	1	0:00:07.949532
1140	4	4	88.9	1	0:00:09.500747
1160	4	4	86.0	1	0:00:07.631719
1180	1	1	86.0	1	0:00:07.607325
1200	8	8	77.0	1	0:00:07.812423
1220	0	0	86.0	1	0:00:07.654597
1240	1	1	62.9	1	0:00:07.877014
1260	7	1	18.8	0	0:00:07.923060
1280	1	1	88.9	1	0:00:08.093291
1300	4	4	88.9	1	0:00:07.726522
1320	8	8	34.4	1	0:00:07.615733
1340	5	5	88.9	1	0:00:07.980541
1360	1	1	88.9	1	0:00:07.834208
1380	9	9	86.0	1	0:00:07.613811
1400	6	6	88.9	1	0:00:07.585301
1420	6	6	88.9	1	0:00:07.627079
1440	4	4	35.8	1	0:00:08.042543
1460	5	5	88.9	1	0:00:07.623637
1480	3	3	84.0	1	0:00:07.654166
1500	7	1	12.6	0	0:00:07.727287
1520	7	7	84.0	1	0:00:07.594210
1540	7	7	88.9	1	0:00:08.103647
1560	8	8	88.9	1	0:00:07.605352
1580	4	4	88.9	1	0:00:07.581093
1600	3	3	88.9	1	0:00:07.703899
1620	2	2	88.9	1	0:00:07.580280
1640	9	9	37.5	1	0:00:07.616780
1660	7	7	88.9	1	0:00:08.536117
1680	4	4	88.9	1	0:00:07.611319
1700	0	0	86.0	1	0:00:07.629545
1720	4	4	88.9	1	0:00:07.622989
1740	8	8	26.2	1	0:00:07.578368
1760	1	1	71.5	1	0:00:07.662347
1780	1	1	88.9	1	0:00:07.699978
1800	6	6	27.5	1	0:00:07.754994
1820	1	1	88.9	1	0:00:08.177652
1840	3	3	84.0	1	0:00:07.670107
1860	5	5	71.8	1	0:00:07.842989
1880	6	6	88.9	1	0:00:07.578120
1900	1	1	80.2	1	0:00:07.633599
1920	4	4	88.9	1	0:00:07.705217
1940	5	5	88.9	1	0:00:07.599588
1960	8	8	77.0	1	0:00:07.654233
1980	4	4	88.9	1	0:00:07.574465
2000	6	6	88.9	1	0:00:07.597871
2020	3	3	88.9	1	0:00:07.589380
2040	5	4	4.2	0	0:00:07.635365
2060	0	0	80.2	1	0:00:07.629196
2080	3	3	88.9	1	0:00:07.674705
2100	5	5	84.0	1	0:00:07.954096
2120	4	4	86.0	1	0:00:07.678617
2140	6	6	88.9	1	0:00:07.626942
2160	6	6	88.9	1	0:00:07.657769
2180	5	5	88.9	1	0:00:07.891922
2200	2	2	86.0	1	0:00:08.128744
2220	7	7	88.9	1	0:00:07.703612
2240	7	7	88.9	1	0:00:07.892639
2260	2	2	86.0	1	0:00:07.691767
2280	3	3	88.9	1	0:00:07.645680
2300	3	3	69.4	1	0:00:07.766147
2320	9	9	84.0	1	0:00:07.641924
2340	4	4	86.0	1	0:00:07.802624
2360	6	6	88.9	1	0:00:07.639759
2380	9	9	77.7	1	0:00:07.649660
2400	5	5	82.5	1	0:00:07.658564
2420	9	9	74.2	1	0:00:07.643604
2440	4	4	88.9	1	0:00:07.932076
2460	5	5	23.7	1	0:00:07.599163
2480	7	7	34.7	1	0:00:07.587032
2500	2	2	59.7	1	0:00:07.702801
2520	8	8	27.8	1	0:00:07.615677
2540	5	5	77.0	1	0:00:07.876364
2560	3	3	34.6	1	0:00:07.697657
2580	6	6	88.9	1	0:00:07.900603
2600	8	8	88.9	1	0:00:07.691079
2620	6	6	88.9	1	0:00:07.933527
2640	8	8	81.3	1	0:00:08.510591
2660	0	0	86.0	1	0:00:10.059830
2680	4	4	88.9	1	0:00:07.730121
2700	7	7	88.9	1	0:00:07.704968
2720	9	9	56.7	1	0:00:08.414930
2740	9	9	88.9	1	0:00:07.834746
2760	9	9	55.5	1	0:00:07.899142
2780	2	2	88.9	1	0:00:07.570812
2800	8	8	73.3	1	0:00:08.242976
2820	7	7	64.9	1	0:00:07.979210
2840	3	3	33.7	1	0:00:07.630080
2860	6	6	86.0	1	0:00:07.617719
2880	1	1	88.9	1	0:00:07.634936
2900	4	4	86.0	1	0:00:08.414041
2920	6	6	86.0	1	0:00:07.611560
2940	2	2	53.5	1	0:00:07.655302
2960	8	8	88.9	1	0:00:07.589307
2980	6	6	88.9	1	0:00:07.597238
3000	6	6	88.9	1	0:00:07.553726
3020	0	0	88.9	1	0:00:07.607010
3040	7	7	88.9	1	0:00:07.606185
3060	9	7	33.1	0	0:00:07.715843
3080	3	3	88.9	1	0:00:07.641258
3100	5	5	75.2	1	0:00:07.611672
3120	3	3	75.8	1	0:00:07.616207
3140	0	0	88.9	1	0:00:07.605014
3160	9	9	16.9	1	0:00:07.762994
3180	2	2	88.9	1	0:00:07.814366
3200	9	9	82.5	1	0:00:07.677622
3220	5	5	88.9	1	0:00:07.848565
3240	9	9	35.4	1	0:00:07.740049
3260	2	2	38.5	1	0:00:07.620547
3280	2	2	54.2	1	0:00:07.607281
3300	3	3	35.8	1	0:00:07.677941
3320	1	1	88.9	1	0:00:07.610012
3340	8	8	59.8	1	0:00:07.693298
3360	7	7	78.4	1	0:00:07.646021
3380	1	1	88.9	1	0:00:07.819501
3400	7	7	88.9	1	0:00:10.063718
3420	1	1	88.9	1	0:00:09.959302
3440	8	8	76.4	1	0:00:10.095418
3460	9	9	40.7	1	0:00:10.102720
3480	1	1	88.9	1	0:00:10.085504
3500	4	4	88.9	1	0:00:10.062418
3520	6	0	7.6	0	0:00:10.014698
3540	0	0	72.9	1	0:00:09.883667
3560	6	6	88.9	1	0:00:09.526127
3580	7	7	81.3	1	0:00:09.105187
3600	2	2	88.9	1	0:00:09.831753
3620	3	3	82.5	1	0:00:09.148401
3640	0	0	72.5	1	0:00:07.760209
3660	0	0	88.9	1	0:00:07.594656
3680	0	0	88.9	1	0:00:07.576747
3700	4	4	88.9	1	0:00:07.664197
3720	7	7	82.5	1	0:00:07.546027
3740	3	3	88.9	1	0:00:07.696749
3760	9	9	84.0	1	0:00:10.413873
3780	4	6	34.3	0	0:00:08.100404
3800	6	6	86.0	1	0:00:07.560682
3820	9	9	71.8	1	0:00:07.580154
3840	9	9	86.0	1	0:00:07.638916
3860	5	5	77.7	1	0:00:07.934304
3880	8	8	82.5	1	0:00:07.582644
3900	1	1	86.0	1	0:00:07.591913
3920	7	7	88.9	1	0:00:07.643137
3940	0	0	80.2	1	0:00:08.061221
3960	5	5	88.9	1	0:00:07.582581
3980	0	0	88.9	1	0:00:07.564811
4000	9	9	82.5	1	0:00:09.935172
4020	8	8	88.9	1	0:00:09.393755
4040	9	9	77.0	1	0:00:07.826522
4060	4	4	88.9	1	0:00:07.639840
4080	0	0	88.9	1	0:00:07.653152
4100	2	2	88.9	1	0:00:07.641260
4120	3	3	88.9	1	0:00:07.635073
4140	8	8	33.8	1	0:00:07.685175
4160	6	6	88.9	1	0:00:08.420352
4180	2	2	88.9	1	0:00:07.586794
4200	7	7	86.0	1	0:00:07.565346
4220	3	3	81.3	1	0:00:07.565522
4240	9	9	86.0	1	0:00:07.539221
4260	2	2	88.9	1	0:00:07.575412
4280	9	9	88.9	1	0:00:07.522650
4300	5	5	4.13	1	0:00:07.577839
4320	0	0	88.9	1	0:00:07.536711
4340	5	5	78.4	1	0:00:07.548919
4360	5	5	28.6	1	0:00:07.541845
4380	8	8	57.1	1	0:00:08.848242
4400	7	7	12.1	1	0:00:09.086888
4420	5	5	82.5	1	0:00:07.715747
4440	5	5	73.8	1	0:00:07.652169
4460	7	7	75.8	1	0:00:07.800288
4480	9	9	75.8	1	0:00:07.600256
4500	9	9	26.5	1	0:00:07.588486
4520	5	5	88.9	1	0:00:07.734368
4540	7	7	44.3	1	0:00:07.671888
4560	9	9	82.5	1	0:00:07.633497
4580	1	1	88.9	1	0:00:07.607950
4600	3	3	88.9	1	0:00:07.589830
4620	6	6	88.9	1	0:00:07.609529
4640	8	8	36.1	1	0:00:07.628616
4660	7	7	54.7	1	0:00:07.634131
4680	6	6	88.9	1	0:00:07.568768
4700	9	9	88.9	1	0:00:07.613371
4720	0	0	88.9	1	0:00:07.638556
4740	3	3	88.9	1	0:00:07.580393
4760	7	7	84.0	1	0:00:07.664091
4780	0	0	88.9	1	0:00:07.649066
4800	7	7	88.9	1	0:00:07.607926
4820	8	8	86.0	1	0:00:07.705899
4840	9	9	88.9	1	0:00:07.733728
4860	4	4	88.9	1	0:00:08.318770
4880	0	0	9.98	1	0:00:09.875543
4900	7	7	88.9	1	0:00:09.662280
4920	2	2	77.0	1	0:00:07.603810
4940	3	3	88.9	1	0:00:07.580734
4960	8	8	49.6	1	0:00:07.792835
4980	6	6	88.9	1	0:00:07.614034
5000	3	3	51.7	1	0:00:07.648758
5020	5	5	88.9	1	0:00:07.573397
5040	7	7	88.9	1	0:00:07.626395
5060	9	9	41.5	1	0:00:07.618457
5080	9	9	79.3	1	0:00:07.638251
5100	9	9	75.2	1	0:00:07.955065
5120	2	2	88.9	1	0:00:07.634216
5140	3	3	8.4	1	0:00:07.859370
5160	5	5	78.4	1	0:00:07.909360
5180	7	7	82.5	1	0:00:07.638678
5200	4	4	60.6	1	0:00:08.018601
5220	9	9	86.0	1	0:00:07.605142
5240	7	7	88.9	1	0:00:07.665617
5260	4	4	88.9	1	0:00:07.608600
5280	0	0	80.2	1	0:00:07.780192
5300	8	8	88.9	1	0:00:07.625739
5320	0	0	86.0	1	0:00:07.584155
5340	2	2	88.9	1	0:00:07.943199
5360	8	8	88.9	1	0:00:07.906210
5380	8	8	88.9	1	0:00:07.929993
5400	5	5	88.9	1	0:00:07.852524
5420	5	5	78.4	1	0:00:07.983721
5440	4	4	88.9	1	0:00:07.621702
5460	1	1	88.9	1	0:00:07.852861
5480	5	5	88.9	1	0:00:07.578418
5500	4	4	88.9	1	0:00:07.585250
5520	1	1	84.0	1	0:00:07.581630
5540	7	7	86.0	1	0:00:07.551737
5560	7	7	71.8	1	0:00:07.660422
5580	9	9	84.0	1	0:00:07.590549
5600	7	9	86.0	0	0:00:07.853856
5620	7	9	33.0	0	0:00:07.646116
5640	7	7	88.9	1	0:00:07.723836
5660	6	6	88.9	1	0:00:07.633029
5680	8	8	88.9	1	0:00:07.618654
5700	3	3	88.9	1	0:00:07.658649
5720	4	4	88.9	1	0:00:07.631914
5740	3	3	88.9	1	0:00:07.755933
5760	3	3	88.9	1	0:00:07.752631
5780	3	3	88.9	1	0:00:08.403414
5800	9	9	80.2	1	0:00:07.668392
5820	2	2	88.9	1	0:00:07.620955
5840	2	2	88.9	1	0:00:07.946845
5860	3	3	88.9	1	0:00:07.855727
5880	1	1	88.9	1	0:00:07.566154
5900	4	4	88.9	1	0:00:07.603855
5920	6	6	88.9	1	0:00:07.724825
5940	8	8	70.2	1	0:00:07.989513
5960	8	8	86.0	1	0:00:07.830601
5980	0	0	78.4	1	0:00:07.820482
6000	9	9	86.0	1	0:00:07.765492
6020	6	6	86.0	1	0:00:07.788522
6040	0	0	63.8	1	0:00:07.854728
6060	1	1	77.7	1	0:00:07.574728
6080	8	8	88.9	1	0:00:07.825742
6100	4	4	86.0	1	0:00:07.592780
6120	5	5	70.5	1	0:00:07.575473
6140	0	0	86.0	1	0:00:07.679702
6160	3	3	10.3	1	0:00:07.584911
6180	2	2	67.5	1	0:00:07.593703
6200	9	9	80.2	1	0:00:07.625348
6220	4	4	88.9	1	0:00:07.565431
6240	2	2	88.9	1	0:00:07.758645
6260	3	3	79.3	1	0:00:08.038894
6280	0	0	88.9	1	0:00:07.610271
6300	4	4	88.9	1	0:00:07.602398
6320	1	1	88.9	1	0:00:07.647085
6340	2	2	88.9	1	0:00:07.816269
6360	7	7	88.9	1	0:00:08.348614
6380	7	7	88.9	1	0:00:07.789658
6400	0	0	35.0	1	0:00:07.783546
6420	9	9	88.9	1	0:00:07.843316
6440	3	3	88.9	1	0:00:07.664830
6460	4	4	58.1	1	0:00:08.377491
6480	2	2	6.26	1	0:00:07.640826
6500	5	5	82.5	1	0:00:07.594519
6520	9	9	79.3	1	0:00:08.140495
6540	1	1	88.9	1	0:00:07.631101
6560	9	-1	0.0	0	0:00:07.617571
6580	0	0	88.9	1	0:00:07.599739
6600	5	5	88.9	1	0:00:07.634461
6620	5	5	68.6	1	0:00:07.606339
6640	7	7	88.9	1	0:00:07.588189
6660	4	4	88.9	1	0:00:07.603836
6680	1	1	88.9	1	0:00:07.632455
6700	4	4	88.9	1	0:00:08.000500
6720	1	1	88.9	1	0:00:07.708299
6740	9	9	58.7	1	0:00:07.588570
6760	0	0	88.9	1	0:00:07.588361
6780	4	4	88.9	1	0:00:07.567133
6800	2	2	88.9	1	0:00:07.603980
6820	2	2	88.9	1	0:00:07.629052
6840	3	3	88.9	1	0:00:07.700947
6860	5	5	80.2	1	0:00:07.607936
6880	5	5	82.5	1	0:00:07.832812
6900	6	6	88.9	1	0:00:07.614088
6920	2	2	88.9	1	0:00:07.611611
6940	3	3	76.4	1	0:00:07.611792
6960	7	7	86.0	1	0:00:07.611407
6980	9	9	88.9	1	0:00:07.640160
7000	1	1	88.9	1	0:00:07.611731
7020	6	6	88.9	1	0:00:07.609506
7040	3	3	84.0	1	0:00:07.641387
7060	8	8	88.9	1	0:00:07.616250
7080	8	8	84.0	1	0:00:07.663511
7100	2	2	77.7	1	0:00:07.730227
7120	2	2	59.3	1	0:00:07.762106
7140	3	3	88.9	1	0:00:07.613502
7160	5	5	88.9	1	0:00:07.637026
7180	7	7	88.9	1	0:00:07.683660
7200	8	8	88.9	1	0:00:07.736963
7220	8	8	36.2	1	0:00:07.596780
7240	5	5	77.0	1	0:00:07.691470
7260	7	7	88.9	1	0:00:07.575059
7280	1	1	88.9	1	0:00:07.571035
7300	7	7	86.0	1	0:00:07.575190
7320	7	7	71.1	1	0:00:07.632067
7340	1	1	88.9	1	0:00:07.858610
7360	9	9	84.0	1	0:00:07.865840
7380	9	9	88.9	1	0:00:07.587660
7400	2	2	88.9	1	0:00:07.582941
7420	2	2	88.9	1	0:00:07.608191
7440	0	0	80.2	1	0:00:07.618234
7460	7	7	86.0	1	0:00:07.610869
7480	1	1	88.9	1	0:00:07.607939
7500	8	8	86.0	1	0:00:07.682900
7520	4	4	88.9	1	0:00:07.912081
7540	6	6	88.9	1	0:00:07.636436
7560	4	4	88.9	1	0:00:07.616944
7580	9	9	71.8	1	0:00:07.641826
7600	1	1	88.9	1	0:00:07.735519
7620	3	3	52.0	1	0:00:08.041994
7640	9	9	84.0	1	0:00:07.813301
7660	8	8	86.0	1	0:00:07.590156
7680	9	9	88.9	1	0:00:07.581024
7700	9	9	84.0	1	0:00:07.668721
7720	8	8	81.3	1	0:00:07.614295
7740	3	3	82.5	1	0:00:07.698623
7760	7	7	69.1	1	0:00:07.648264
7780	0	0	88.9	1	0:00:07.596568
7800	3	2	7.69	0	0:00:07.607250
7820	0	0	80.2	1	0:00:08.853358
7840	2	2	78.4	1	0:00:07.616517
7860	6	6	81.3	1	0:00:07.628152
7880	6	6	88.9	1	0:00:07.583332
7900	1	1	69.4	1	0:00:07.589190
7920	1	1	77.7	1	0:00:07.584837
7940	7	7	88.9	1	0:00:07.572036
7960	7	7	77.7	1	0:00:07.746536
7980	1	1	88.9	1	0:00:07.589572
8000	4	4	88.9	1	0:00:07.653544
8020	1	8	7.42	0	0:00:07.986552
8040	6	6	88.9	1	0:00:07.595249
8060	3	3	88.9	1	0:00:07.569260
8080	3	3	88.9	1	0:00:07.700016
8100	1	1	73.8	1	0:00:08.224201
8120	3	3	18.5	1	0:00:08.237360
8140	3	3	69.9	1	0:00:09.821076
8160	5	5	9.56	1	0:00:09.847659
8180	5	5	69.4	1	0:00:09.776631
8200	6	6	88.9	1	0:00:08.565340
8220	4	4	88.9	1	0:00:07.631675
8240	6	6	88.9	1	0:00:08.048896
8260	0	0	88.9	1	0:00:07.578862
8280	4	4	88.9	1	0:00:07.624806
8300	8	8	88.9	1	0:00:07.609521
8320	2	2	86.0	1	0:00:07.585610
8340	1	1	88.9	1	0:00:07.635153
8360	1	1	82.5	1	0:00:07.742028
8380	6	6	88.9	1	0:00:07.722865
8400	4	4	88.9	1	0:00:07.613960
8420	1	1	88.9	1	0:00:07.635758
8440	8	8	78.4	1	0:00:07.960027
8460	2	2	88.9	1	0:00:08.029254
8480	7	7	86.0	1	0:00:07.685799
8500	4	4	86.0	1	0:00:07.662544
8520	4	9	0.695	0	0:00:07.654743
8540	1	1	71.8	1	0:00:07.703309
8560	2	2	88.9	1	0:00:07.767986
8580	6	6	88.9	1	0:00:07.604639
8600	1	1	88.9	1	0:00:07.606538
8620	7	7	88.9	1	0:00:08.730731
8640	9	9	88.9	1	0:00:09.885319
8660	3	3	88.9	1	0:00:09.863926
8680	9	9	86.0	1	0:00:09.834849
8700	9	9	88.9	1	0:00:09.809271
8720	1	1	88.9	1	0:00:09.801459
8740	1	1	88.9	1	0:00:09.903750
8760	6	6	88.9	1	0:00:09.823426
8780	3	3	78.4	1	0:00:09.880271
8800	2	2	88.9	1	0:00:09.822646
8820	2	2	82.5	1	0:00:09.128732
8840	3	3	88.9	1	0:00:07.876698
8860	3	3	77.7	1	0:00:07.620441
8880	2	2	88.9	1	0:00:08.607306
8900	9	9	86.0	1	0:00:08.060847
8920	9	9	74.7	1	0:00:07.639172
8940	5	5	88.9	1	0:00:07.680519
8960	4	4	86.0	1	0:00:07.616883
8980	1	1	88.9	1	0:00:07.631437
9000	7	7	88.9	1	0:00:07.684307
9020	8	8	86.0	1	0:00:07.657367
9040	6	6	88.9	1	0:00:07.650397
9060	0	0	88.9	1	0:00:07.690360
9080	0	0	84.0	1	0:00:07.799521
9100	3	3	59.4	1	0:00:07.591768
9120	1	1	88.9	1	0:00:07.683046
9140	1	1	88.9	1	0:00:07.576421
9160	5	5	88.9	1	0:00:07.892061
9180	1	1	88.9	1	0:00:07.760706
9200	1	1	88.9	1	0:00:08.341539
9220	0	0	88.9	1	0:00:07.612815
9240	6	6	88.9	1	0:00:07.603667
9260	5	5	75.8	1	0:00:07.710829
9280	8	5	88.9	0	0:00:07.567780
9300	7	7	88.9	1	0:00:07.613146
9320	4	4	88.9	1	0:00:07.600389
9340	7	7	88.9	1	0:00:07.617799
9360	5	5	88.9	1	0:00:07.728619
9380	3	3	80.2	1	0:00:07.591714
9400	5	5	86.0	1	0:00:07.892912
9420	8	8	86.0	1	0:00:08.342664
9440	0	0	59.5	1	0:00:07.652473
9460	3	3	88.9	1	0:00:07.563696
9480	2	2	88.9	1	0:00:07.578865
9500	2	2	50.3	1	0:00:07.984051
9520	1	1	88.9	1	0:00:07.644741
9540	1	1	7.13	1	0:00:07.639742
9560	7	7	70.2	1	0:00:07.665391
9580	9	9	76.4	1	0:00:07.601743
9600	5	5	75.2	1	0:00:07.611301
9620	9	9	86.0	1	0:00:07.607493
9640	7	7	88.9	1	0:00:07.572484
9660	7	7	86.0	1	0:00:07.607078
9680	3	3	88.9	1	0:00:07.836884
9700	2	8	36.4	0	0:00:07.620344
9720	6	6	88.9	1	0:00:07.669477
9740	9	9	43.6	1	0:00:08.158459
9760	1	1	88.9	1	0:00:07.827499
9780	8	8	82.5	1	0:00:07.911763
9800	0	0	88.9	1	0:00:07.655544
9820	2	2	82.5	1	0:00:07.648816
9840	3	3	44.7	1	0:00:07.606424
9860	3	3	88.9	1	0:00:07.607368
9880	2	2	84.0	1	0:00:07.605660
9900	8	8	72.9	1	0:00:07.596230
9920	8	8	86.0	1	0:00:07.792629
9940	6	6	88.9	1	0:00:07.696558
9960	4	4	86.0	1	0:00:07.695400
9980	2	2	33.2	1	0:00:07.603542
