idx	label	predict	radius	correct	time
0	3	3	0.649	1	0:00:17.874524
20	7	7	0.183	1	0:00:17.794050
40	4	4	0.16	1	0:00:18.426687
60	7	7	1.21	1	0:00:18.698825
80	8	8	0.775	1	0:00:18.136808
100	4	-1	0.0	0	0:00:18.137601
120	8	8	0.357	1	0:00:18.183310
140	6	6	0.169	1	0:00:18.116376
160	2	2	0.318	1	0:00:18.519178
180	0	0	0.768	1	0:00:18.240942
200	5	5	0.531	1	0:00:18.601429
220	7	7	1.31	1	0:00:18.131796
240	1	1	1.34	1	0:00:18.115412
260	8	8	0.132	1	0:00:18.158020
280	9	9	0.932	1	0:00:18.184732
300	6	6	0.651	1	0:00:18.996167
320	3	3	0.0875	1	0:00:18.205425
340	2	4	0.134	0	0:00:18.138224
360	9	9	0.378	1	0:00:18.606553
380	6	6	0.326	1	0:00:18.802825
400	9	9	1.12	1	0:00:18.295932
420	4	4	0.694	1	0:00:18.121760
440	1	1	0.564	1	0:00:18.140115
460	5	5	0.873	1	0:00:18.115638
480	8	9	0.404	0	0:00:18.083405
500	4	6	0.489	0	0:00:18.102654
520	5	5	0.271	1	0:00:18.179467
540	1	1	0.327	1	0:00:18.254923
560	0	0	1.49	1	0:00:18.111275
580	4	4	0.468	1	0:00:18.189974
600	8	8	0.749	1	0:00:18.152572
620	7	7	0.438	1	0:00:18.132370
640	5	3	0.948	0	0:00:18.078772
660	9	9	1.15	1	0:00:18.133655
680	9	-1	0.0	0	0:00:18.154394
700	7	7	1.1	1	0:00:18.130515
720	4	7	0.134	0	0:00:18.101457
740	2	5	0.748	0	0:00:18.101043
760	3	3	0.0876	1	0:00:18.278381
780	9	9	0.274	1	0:00:18.140378
800	7	7	1.83	1	0:00:18.184056
820	6	-1	0.0	0	0:00:18.094928
840	7	7	1.91	1	0:00:18.386020
860	4	4	0.524	1	0:00:18.429959
880	8	8	1.24	1	0:00:18.402258
900	2	2	0.255	1	0:00:18.433881
920	6	6	0.392	1	0:00:18.097675
940	9	9	1.32	1	0:00:18.430604
960	9	9	1.42	1	0:00:18.239467
980	2	6	0.334	0	0:00:18.327326
1000	5	5	1.8	1	0:00:18.198593
1020	1	1	1.06	1	0:00:18.318102
1040	7	5	1.4	0	0:00:18.129664
1060	9	9	1.74	1	0:00:18.170974
1080	6	6	0.687	1	0:00:18.193396
1100	7	0	0.0419	0	0:00:18.143061
1120	5	2	0.247	0	0:00:18.394696
1140	6	6	0.355	1	0:00:18.653242
1160	8	8	0.41	1	0:00:18.200132
1180	3	3	1.11	1	0:00:18.223522
1200	8	8	0.98	1	0:00:18.271098
1220	9	-1	0.0	0	0:00:18.088347
1240	2	6	1.09	0	0:00:18.242361
1260	1	9	0.241	0	0:00:18.247024
1280	3	7	0.0424	0	0:00:18.271215
1300	4	3	0.449	0	0:00:18.170453
1320	7	2	0.0476	0	0:00:18.206531
1340	1	1	1.14	1	0:00:18.477544
1360	7	7	0.634	1	0:00:18.132230
1380	4	5	0.409	0	0:00:18.528899
1400	5	3	0.135	0	0:00:18.279576
1420	4	7	0.135	0	0:00:18.235295
1440	0	0	0.135	1	0:00:18.140046
1460	6	6	0.995	1	0:00:18.135121
1480	1	1	0.279	1	0:00:18.137941
1500	1	1	0.778	1	0:00:18.212419
1520	7	7	0.839	1	0:00:18.120170
1540	8	8	1.28	1	0:00:18.155821
1560	7	7	1.91	1	0:00:18.101677
1580	6	1	0.264	0	0:00:18.135465
1600	8	9	0.156	0	0:00:18.111480
1620	5	-1	0.0	0	0:00:18.102694
1640	7	3	0.178	0	0:00:18.120951
1660	3	3	0.188	1	0:00:18.190583
1680	6	6	1.02	1	0:00:18.247208
1700	5	-1	0.0	0	0:00:18.193233
1720	4	4	0.344	1	0:00:18.327007
1740	1	1	0.745	1	0:00:18.269795
1760	0	0	0.585	1	0:00:18.266046
1780	7	7	0.685	1	0:00:18.099838
1800	4	-1	0.0	0	0:00:18.151108
1820	8	8	0.00678	1	0:00:18.159949
1840	8	-1	0.0	0	0:00:18.112525
1860	8	8	1.47	1	0:00:18.284468
1880	1	1	0.822	1	0:00:18.561294
1900	8	8	1.68	1	0:00:18.370958
1920	2	2	1.07	1	0:00:18.337117
1940	5	5	0.258	1	0:00:18.916310
1960	2	5	1.17	0	0:00:18.328619
1980	9	9	1.33	1	0:00:18.138451
2000	1	1	0.116	1	0:00:18.280485
2020	9	9	1.33	1	0:00:18.779120
2040	0	0	0.632	1	0:00:18.127124
2060	5	5	0.353	1	0:00:18.142296
2080	1	1	0.195	1	0:00:18.102501
2100	2	2	0.225	1	0:00:18.306084
2120	4	8	0.872	0	0:00:18.113726
2140	9	9	1.65	1	0:00:18.184318
2160	0	0	0.106	1	0:00:18.249346
2180	4	4	0.573	1	0:00:18.252647
2200	0	0	0.206	1	0:00:18.343300
2220	1	1	1.24	1	0:00:18.385644
2240	9	9	0.131	1	0:00:18.169284
2260	4	4	0.243	1	0:00:18.131624
2280	4	4	0.116	1	0:00:18.114476
2300	3	-1	0.0	0	0:00:18.115081
2320	5	3	0.498	0	0:00:18.171670
2340	7	7	1.57	1	0:00:18.251014
2360	7	7	0.401	1	0:00:18.104632
2380	8	8	0.901	1	0:00:18.091925
2400	0	0	1.27	1	0:00:18.243856
2420	8	8	0.179	1	0:00:18.113661
2440	7	7	0.891	1	0:00:18.148876
2460	9	-1	0.0	0	0:00:18.105219
2480	8	8	1.19	1	0:00:18.178256
2500	4	4	0.168	1	0:00:18.095462
2520	1	1	0.52	1	0:00:18.104248
2540	2	-1	0.0	0	0:00:18.149454
2560	7	7	0.486	1	0:00:18.119392
2580	6	-1	0.0	0	0:00:18.131308
2600	8	8	1.5	1	0:00:18.103396
2620	1	1	0.153	1	0:00:18.226212
2640	7	7	1.2	1	0:00:18.567698
2660	3	-1	0.0	0	0:00:18.130729
2680	0	0	1.83	1	0:00:18.231326
2700	9	9	0.943	1	0:00:18.124104
2720	3	3	0.203	1	0:00:18.122315
2740	1	1	0.786	1	0:00:18.143587
2760	2	2	0.75	1	0:00:18.159684
2780	7	7	1.91	1	0:00:18.129146
2800	4	-1	0.0	0	0:00:18.080638
2820	6	6	1.42	1	0:00:18.141107
2840	3	1	0.513	0	0:00:18.198678
2860	5	-1	0.0	0	0:00:18.174984
2880	4	4	1.14	1	0:00:18.242899
2900	3	5	0.481	0	0:00:18.180789
2920	2	3	0.178	0	0:00:18.216776
2940	3	-1	0.0	0	0:00:18.129503
2960	9	9	0.337	1	0:00:18.157501
2980	8	8	0.468	1	0:00:18.127604
3000	5	5	1.66	1	0:00:18.178758
3020	1	1	0.313	1	0:00:18.194137
3040	7	7	1.91	1	0:00:18.148263
3060	7	7	0.981	1	0:00:18.174345
3080	1	1	0.131	1	0:00:18.115001
3100	0	0	0.824	1	0:00:18.200153
3120	4	6	0.0931	0	0:00:18.159747
3140	8	8	0.79	1	0:00:18.151656
3160	6	2	0.458	0	0:00:18.184868
3180	3	3	0.302	1	0:00:18.094836
3200	5	7	0.573	0	0:00:18.297756
3220	3	9	0.234	0	0:00:18.239233
3240	4	-1	0.0	0	0:00:18.233701
3260	7	7	0.582	1	0:00:18.201057
3280	3	5	0.601	0	0:00:18.246162
3300	4	4	0.211	1	0:00:18.129520
3320	2	7	1.36	0	0:00:18.164291
3340	6	6	0.291	1	0:00:18.172662
3360	4	6	0.013	0	0:00:18.163284
3380	8	8	0.994	1	0:00:18.098587
3400	6	4	0.214	0	0:00:18.111916
3420	5	-1	0.0	0	0:00:18.117196
3440	2	3	0.448	0	0:00:18.241878
3460	1	1	0.988	1	0:00:18.186833
3480	2	2	1.73	1	0:00:18.161522
3500	1	1	0.634	1	0:00:18.325319
3520	1	1	1.4	1	0:00:18.474803
3540	6	6	0.992	1	0:00:18.397142
3560	1	9	0.219	0	0:00:18.257053
3580	4	4	0.593	1	0:00:18.412889
3600	4	2	0.762	0	0:00:18.160068
3620	0	-1	0.0	0	0:00:18.159033
3640	6	2	0.572	0	0:00:18.140507
3660	0	0	0.814	1	0:00:18.140738
3680	0	-1	0.0	0	0:00:18.128141
3700	3	5	0.252	0	0:00:18.165975
3720	2	2	1.4	1	0:00:18.092663
3740	0	0	1.11	1	0:00:18.652683
3760	7	7	1.48	1	0:00:18.079283
3780	4	4	0.17	1	0:00:18.059409
3800	9	9	1.05	1	0:00:18.423377
3820	0	2	0.143	0	0:00:18.154420
3840	6	3	0.701	0	0:00:18.177579
3860	7	7	1.91	1	0:00:18.160146
3880	6	-1	0.0	0	0:00:18.084864
3900	3	-1	0.0	0	0:00:18.740916
3920	7	9	0.126	0	0:00:18.190717
3940	6	-1	0.0	0	0:00:18.135634
3960	2	2	0.939	1	0:00:18.123091
3980	9	9	0.0263	1	0:00:18.128436
4000	8	-1	0.0	0	0:00:18.159558
4020	8	8	0.43	1	0:00:18.099889
4040	0	0	1.44	1	0:00:18.095788
4060	6	6	0.281	1	0:00:18.203064
4080	1	1	0.788	1	0:00:18.109518
4100	7	7	1.91	1	0:00:18.159303
4120	4	4	1.25	1	0:00:18.186967
4140	5	5	0.655	1	0:00:18.171607
4160	5	-1	0.0	0	0:00:18.653000
4180	0	8	0.185	0	0:00:18.145184
4200	4	2	0.173	0	0:00:18.216245
4220	4	0	1.05	0	0:00:18.180043
4240	7	0	0.642	0	0:00:18.195904
4260	8	8	0.664	1	0:00:18.144852
4280	8	0	0.107	0	0:00:18.226778
4300	8	8	0.889	1	0:00:18.135737
4320	1	8	0.148	0	0:00:18.111501
4340	0	0	0.983	1	0:00:18.129018
4360	6	6	0.68	1	0:00:18.518430
4380	9	9	0.545	1	0:00:18.090109
4400	3	-1	0.0	0	0:00:18.155410
4420	5	5	0.294	1	0:00:18.148034
4440	2	2	0.707	1	0:00:18.102875
4460	9	9	0.8	1	0:00:18.151206
4480	9	9	1.24	1	0:00:18.125109
4500	3	-1	0.0	0	0:00:18.140737
4520	3	6	0.116	0	0:00:18.431480
4540	9	9	1.11	1	0:00:18.451576
4560	1	1	0.992	1	0:00:18.373603
4580	6	6	0.0733	1	0:00:18.710232
4600	4	4	0.269	1	0:00:18.344869
4620	7	3	0.477	0	0:00:18.266165
4640	2	2	0.273	1	0:00:18.151118
4660	7	7	0.0415	1	0:00:18.175546
4680	9	9	0.0562	1	0:00:18.154895
4700	6	5	0.0248	0	0:00:18.234627
4720	8	8	0.322	1	0:00:18.225234
4740	5	3	0.388	0	0:00:18.321507
4760	3	-1	0.0	0	0:00:18.124040
4780	0	0	0.746	1	0:00:18.153339
4800	9	9	1.71	1	0:00:18.138873
4820	3	3	0.555	1	0:00:18.199447
4840	0	0	1.25	1	0:00:18.584516
4860	5	5	0.819	1	0:00:18.096556
4880	0	-1	0.0	0	0:00:18.277302
4900	3	-1	0.0	0	0:00:18.151432
4920	7	7	1.26	1	0:00:18.441758
4940	6	6	0.268	1	0:00:18.090645
4960	4	3	0.00729	0	0:00:18.085326
4980	1	9	0.433	0	0:00:18.102975
5000	7	7	1.91	1	0:00:18.098924
5020	8	8	1.29	1	0:00:19.223456
5040	3	3	0.329	1	0:00:18.162901
5060	6	6	0.0257	1	0:00:18.277886
5080	7	7	1.52	1	0:00:18.502614
5100	3	3	0.919	1	0:00:18.297038
5120	9	9	0.382	1	0:00:18.244807
5140	8	8	0.939	1	0:00:18.170398
5160	0	0	0.562	1	0:00:18.173063
5180	9	7	0.242	0	0:00:18.150558
5200	3	3	0.891	1	0:00:18.169777
5220	0	0	0.475	1	0:00:18.225250
5240	1	9	0.24	0	0:00:18.163273
5260	0	0	1.75	1	0:00:18.136577
5280	0	-1	0.0	0	0:00:18.147403
5300	9	9	0.417	1	0:00:18.100829
5320	7	7	0.855	1	0:00:18.112987
5340	3	4	1.23	0	0:00:18.376351
5360	9	9	0.846	1	0:00:18.371131
5380	1	9	0.306	0	0:00:18.250801
5400	9	9	0.779	1	0:00:18.144235
5420	6	6	1.02	1	0:00:18.088056
5440	9	9	1.52	1	0:00:18.119586
5460	0	0	0.34	1	0:00:18.206264
5480	1	1	0.575	1	0:00:18.106436
5500	8	8	0.195	1	0:00:18.113199
5520	4	-1	0.0	0	0:00:18.129769
5540	5	-1	0.0	0	0:00:18.222765
5560	3	5	0.00638	0	0:00:18.093003
5580	5	-1	0.0	0	0:00:18.098964
5600	6	-1	0.0	0	0:00:18.169495
5620	3	2	0.667	0	0:00:18.106539
5640	2	5	0.236	0	0:00:18.137275
5660	9	9	0.13	1	0:00:18.121538
5680	2	3	0.0446	0	0:00:18.114056
5700	3	3	0.288	1	0:00:18.112569
5720	9	9	1.51	1	0:00:18.100505
5740	6	4	0.0369	0	0:00:18.081903
5760	2	2	0.307	1	0:00:18.141005
5780	7	7	1.58	1	0:00:18.144760
5800	2	2	0.402	1	0:00:18.086192
5820	5	5	0.547	1	0:00:18.310795
5840	2	2	0.695	1	0:00:18.182931
5860	0	0	0.298	1	0:00:18.228957
5880	0	0	0.866	1	0:00:18.176047
5900	4	3	0.239	0	0:00:18.254513
5920	8	8	1.84	1	0:00:18.231899
5940	7	4	0.138	0	0:00:18.122203
5960	2	6	0.109	0	0:00:18.171055
5980	9	9	1.78	1	0:00:18.354173
6000	8	8	0.12	1	0:00:18.186631
6020	6	6	0.727	1	0:00:18.165620
6040	2	7	0.45	0	0:00:18.149733
6060	3	4	0.0682	0	0:00:18.118290
6080	1	1	0.726	1	0:00:18.122998
6100	1	1	1.18	1	0:00:18.109566
6120	5	5	0.965	1	0:00:18.131609
6140	9	9	1.44	1	0:00:18.115459
6160	2	5	0.256	0	0:00:18.124970
6180	0	0	0.722	1	0:00:18.291588
6200	3	3	0.0579	1	0:00:18.209725
6220	2	-1	0.0	0	0:00:18.353746
6240	2	2	0.0493	1	0:00:18.386320
6260	2	-1	0.0	0	0:00:18.412662
6280	8	5	0.00639	0	0:00:18.317039
6300	1	1	0.419	1	0:00:18.313523
6320	0	0	0.733	1	0:00:18.202326
6340	3	3	0.624	1	0:00:18.754874
6360	2	-1	0.0	0	0:00:18.107431
6380	3	3	0.0529	1	0:00:18.159311
6400	0	0	0.274	1	0:00:18.137853
6420	7	7	1.22	1	0:00:18.280132
6440	3	-1	0.0	0	0:00:18.128453
6460	3	3	0.792	1	0:00:18.136614
6480	0	0	0.814	1	0:00:18.137873
6500	7	-1	0.0	0	0:00:18.098561
6520	6	6	0.191	1	0:00:18.090727
6540	8	8	1.11	1	0:00:18.099841
6560	6	6	0.479	1	0:00:18.112758
6580	1	-1	0.0	0	0:00:18.113636
6600	7	7	1.91	1	0:00:18.247014
6620	7	7	0.75	1	0:00:18.208608
6640	5	3	1.03	0	0:00:18.215977
6660	0	0	0.882	1	0:00:18.182876
6680	3	5	0.605	0	0:00:18.224587
6700	6	6	0.542	1	0:00:18.206676
6720	2	2	0.589	1	0:00:18.123780
6740	2	2	0.411	1	0:00:18.139351
6760	5	5	1.24	1	0:00:18.176570
6780	7	7	1.72	1	0:00:18.185907
6800	6	6	0.376	1	0:00:18.213470
6820	1	1	1.26	1	0:00:18.119710
6840	9	9	0.705	1	0:00:18.178873
6860	0	0	0.481	1	0:00:18.166655
6880	2	7	0.0372	0	0:00:18.112942
6900	3	-1	0.0	0	0:00:18.264267
6920	5	2	0.148	0	0:00:18.129092
6940	1	1	1.91	1	0:00:18.194836
6960	9	-1	0.0	0	0:00:18.093464
6980	0	-1	0.0	0	0:00:18.170182
7000	2	0	0.0275	0	0:00:18.132610
7020	7	7	1.67	1	0:00:18.157314
7040	7	8	0.0889	0	0:00:19.305366
7060	8	8	0.85	1	0:00:18.200426
7080	5	4	0.379	0	0:00:18.216451
7100	9	3	0.0414	0	0:00:18.229096
7120	7	7	0.243	1	0:00:18.142282
7140	4	4	0.197	1	0:00:18.172354
7160	5	5	0.869	1	0:00:18.113090
7180	6	6	0.672	1	0:00:18.108768
7200	4	-1	0.0	0	0:00:18.156535
7220	9	9	0.177	1	0:00:18.119654
7240	0	0	0.275	1	0:00:18.126701
7260	1	1	0.34	1	0:00:18.153820
7280	1	1	0.141	1	0:00:18.277476
7300	3	4	0.0668	0	0:00:18.205003
7320	8	0	0.251	0	0:00:18.263454
7340	2	4	0.402	0	0:00:18.259798
7360	2	-1	0.0	0	0:00:18.206171
7380	7	7	1.36	1	0:00:18.345346
7400	3	3	0.532	1	0:00:18.137119
7420	3	0	0.0822	0	0:00:18.202851
7440	3	3	0.717	1	0:00:18.130257
7460	5	5	1.45	1	0:00:18.261775
7480	1	8	0.862	0	0:00:18.149249
7500	6	6	1.81	1	0:00:18.163609
7520	4	4	0.102	1	0:00:18.153588
7540	5	5	1.67	1	0:00:18.099499
7560	0	0	0.6	1	0:00:18.129739
7580	8	8	0.861	1	0:00:18.111595
7600	8	9	0.459	0	0:00:18.137690
7620	5	-1	0.0	0	0:00:18.120140
7640	9	9	0.123	1	0:00:18.133215
7660	7	7	0.296	1	0:00:18.744880
7680	3	-1	0.0	0	0:00:18.263216
7700	6	6	1.04	1	0:00:18.664295
7720	5	4	0.189	0	0:00:18.503094
7740	4	4	0.235	1	0:00:18.280083
7760	2	9	0.0168	0	0:00:18.634567
7780	3	-1	0.0	0	0:00:18.303925
7800	0	0	0.893	1	0:00:18.087960
7820	5	5	0.234	1	0:00:18.140392
7840	1	1	1.67	1	0:00:18.175106
7860	8	8	0.701	1	0:00:18.129984
7880	0	-1	0.0	0	0:00:18.150196
7900	0	4	0.133	0	0:00:18.157842
7920	9	9	0.00457	1	0:00:18.081779
7940	2	2	0.117	1	0:00:18.189998
7960	0	0	0.279	1	0:00:18.545560
7980	3	3	0.37	1	0:00:18.263234
8000	9	9	1.14	1	0:00:18.186418
8020	6	3	0.558	0	0:00:18.123482
8040	2	2	0.99	1	0:00:18.123912
8060	6	6	0.817	1	0:00:18.177765
8080	4	4	0.0808	1	0:00:18.103333
8100	6	2	0.132	0	0:00:18.176651
8120	8	9	0.436	0	0:00:18.085173
8140	5	-1	0.0	0	0:00:18.257747
8160	6	6	1.13	1	0:00:18.400476
8180	4	4	0.528	1	0:00:18.096208
8200	3	4	0.258	0	0:00:18.614064
8220	6	-1	0.0	0	0:00:18.194172
8240	7	7	1.59	1	0:00:18.204353
8260	1	1	1.49	1	0:00:18.183591
8280	4	5	0.476	0	0:00:18.147079
8300	5	-1	0.0	0	0:00:18.174369
8320	7	-1	0.0	0	0:00:18.120970
8340	5	3	0.142	0	0:00:18.363410
8360	7	7	1.62	1	0:00:18.130010
8380	9	9	1.47	1	0:00:18.132612
8400	0	0	0.227	1	0:00:18.151802
8420	3	6	0.341	0	0:00:18.094249
8440	5	5	0.344	1	0:00:18.219475
8460	8	8	1.21	1	0:00:18.205045
8480	2	2	0.526	1	0:00:18.220702
8500	4	4	0.619	1	0:00:18.198308
8520	8	1	0.0469	0	0:00:18.222505
8540	4	-1	0.0	0	0:00:18.121645
8560	7	7	1.02	1	0:00:18.323882
8580	3	2	0.966	0	0:00:18.154704
8600	3	-1	0.0	0	0:00:18.608430
8620	3	-1	0.0	0	0:00:18.443960
8640	1	1	1.37	1	0:00:18.109123
8660	7	7	0.564	1	0:00:18.191287
8680	3	-1	0.0	0	0:00:18.143252
8700	3	3	0.56	1	0:00:18.138887
8720	2	0	1.19	0	0:00:18.159437
8740	2	2	0.137	1	0:00:18.092944
8760	8	8	1.75	1	0:00:18.197351
8780	4	4	0.479	1	0:00:18.257469
8800	0	0	1.83	1	0:00:18.788113
8820	2	2	1.29	1	0:00:18.076509
8840	2	-1	0.0	0	0:00:18.172155
8860	2	2	0.907	1	0:00:18.172181
8880	1	1	1.05	1	0:00:18.360984
8900	2	4	0.41	0	0:00:18.571259
8920	6	6	1.17	1	0:00:18.401244
8940	6	3	1.5	0	0:00:18.238115
8960	0	0	0.727	1	0:00:18.105025
8980	9	9	1.84	1	0:00:18.118934
9000	8	8	1.91	1	0:00:18.162320
9020	7	7	0.23	1	0:00:18.318037
9040	2	5	1.1	0	0:00:18.205684
9060	9	9	1.02	1	0:00:18.110021
9080	3	3	0.224	1	0:00:18.141800
9100	9	1	0.0546	0	0:00:18.530345
9120	3	-1	0.0	0	0:00:18.164613
9140	7	7	0.163	1	0:00:18.300283
9160	5	3	0.0975	0	0:00:18.186165
9180	5	5	1.67	1	0:00:18.175933
9200	8	8	1.07	1	0:00:18.138221
9220	8	8	1.44	1	0:00:18.324876
9240	8	8	0.744	1	0:00:18.224936
9260	5	5	0.389	1	0:00:18.122059
9280	9	8	0.12	0	0:00:18.278553
9300	5	-1	0.0	0	0:00:18.131000
9320	9	9	1.31	1	0:00:18.123030
9340	1	1	1.75	1	0:00:18.167736
9360	5	0	0.232	0	0:00:18.098690
9380	5	3	0.078	0	0:00:18.113844
9400	6	6	0.656	1	0:00:18.183974
9420	5	5	0.637	1	0:00:18.150120
9440	8	8	1.72	1	0:00:18.125616
9460	3	7	0.108	0	0:00:18.255903
9480	2	2	0.0505	1	0:00:18.212550
9500	9	9	0.82	1	0:00:18.206464
9520	1	1	0.729	1	0:00:18.207528
9540	5	5	0.922	1	0:00:18.199796
9560	9	7	0.372	0	0:00:18.098647
9580	1	1	0.427	1	0:00:18.147538
9600	8	8	0.606	1	0:00:18.194661
9620	4	4	0.27	1	0:00:18.126110
9640	5	-1	0.0	0	0:00:18.164350
9660	6	6	1.35	1	0:00:18.161900
9680	8	8	1.37	1	0:00:18.117611
9700	0	0	1.12	1	0:00:18.732839
9720	8	-1	0.0	0	0:00:18.458284
9740	3	6	0.469	0	0:00:18.150920
9760	9	-1	0.0	0	0:00:18.099890
9780	4	-1	0.0	0	0:00:18.089534
9800	1	1	1.91	1	0:00:18.113914
9820	0	8	0.68	0	0:00:18.108843
9840	4	3	0.26	0	0:00:18.118136
9860	0	-1	0.0	0	0:00:18.155929
9880	7	7	0.569	1	0:00:18.105697
9900	8	8	0.381	1	0:00:18.222785
9920	6	6	1.03	1	0:00:18.334181
9940	4	5	0.0642	0	0:00:18.343729
9960	2	0	1.56	0	0:00:18.452258
9980	0	0	1.71	1	0:00:18.601809
