idx	label	predict	radius	correct	time
0	0	394	0.974	0	0:00:24.964053
500	10	10	4.6	1	0:00:19.580908
1000	20	20	9.6	1	0:00:20.058029
1500	30	30	9.6	1	0:00:20.221569
2000	40	46	6.24	0	0:00:20.208767
2500	50	50	9.6	1	0:00:20.071565
3000	60	61	8.08	0	0:00:20.194481
3500	70	70	9.6	1	0:00:20.170925
4000	80	80	9.6	1	0:00:20.216764
4500	90	90	9.6	1	0:00:20.591765
5000	100	100	9.6	1	0:00:20.004346
5500	110	110	9.6	1	0:00:20.510362
6000	120	-1	0.0	0	0:00:20.222142
6500	130	130	9.6	1	0:00:20.354094
7000	140	140	9.6	1	0:00:20.647065
7500	150	360	1.91	0	0:00:20.288247
8000	160	160	9.6	1	0:00:20.239098
8500	170	172	9.6	0	0:00:20.357102
9000	180	243	4.74	0	0:00:21.172497
9500	190	190	9.6	1	0:00:20.777344
10000	200	200	9.6	1	0:00:20.244563
10500	210	210	9.6	1	0:00:20.624791
11000	220	220	9.6	1	0:00:20.299156
11500	230	230	9.6	1	0:00:20.274136
12000	240	238	9.6	0	0:00:20.777158
12500	250	257	0.286	0	0:00:20.132687
13000	260	260	9.6	1	0:00:20.096961
13500	270	270	9.6	1	0:00:20.524308
14000	280	280	9.6	1	0:00:20.746557
14500	290	290	9.6	1	0:00:20.626157
15000	300	300	9.6	1	0:00:19.921520
15500	310	310	9.6	1	0:00:19.816299
16000	320	320	9.6	1	0:00:19.694488
16500	330	330	9.6	1	0:00:20.363358
17000	340	340	9.6	1	0:00:19.929708
17500	350	350	9.6	1	0:00:19.759347
18000	360	360	9.6	1	0:00:20.029024
18500	370	370	9.6	1	0:00:20.135488
19000	380	380	9.6	1	0:00:19.772043
19500	390	390	9.6	1	0:00:20.154670
20000	400	400	4.06	1	0:00:19.866963
20500	410	410	1.58	1	0:00:19.791870
21000	420	558	4.12	0	0:00:19.836130
21500	430	430	9.6	1	0:00:19.936207
22000	440	737	1.81	0	0:00:19.983674
22500	450	450	2.72	1	0:00:19.727587
23000	460	978	0.0903	0	0:00:19.836064
23500	470	481	3.13	0	0:00:20.492205
24000	480	886	0.829	0	0:00:19.940350
24500	490	490	9.6	1	0:00:19.898998
25000	500	500	9.6	1	0:00:19.935081
25500	510	510	9.6	1	0:00:20.392457
26000	520	520	9.6	1	0:00:20.588777
26500	530	531	4.74	0	0:00:20.038674
27000	540	540	9.6	1	0:00:19.982927
27500	550	505	9.6	0	0:00:19.801403
28000	560	560	9.6	1	0:00:20.097259
28500	570	-1	0.0	0	0:00:19.808837
29000	580	738	8.52	0	0:00:19.717781
29500	590	590	6.28	1	0:00:19.782372
30000	600	517	9.6	0	0:00:19.952561
30500	610	610	9.6	1	0:00:19.985152
31000	620	681	9.6	0	0:00:20.098578
31500	630	703	8.92	0	0:00:20.074986
32000	640	640	9.6	1	0:00:20.894380
32500	650	-1	0.0	0	0:00:20.751617
33000	660	660	9.6	1	0:00:20.191915
33500	670	670	9.6	1	0:00:19.808399
34000	680	712	2.9	0	0:00:19.849737
34500	690	690	9.6	1	0:00:20.024037
35000	700	700	9.6	1	0:00:19.792522
35500	710	855	9.6	0	0:00:19.845164
36000	720	838	1.41	0	0:00:20.334137
36500	730	856	7.14	0	0:00:20.638279
37000	740	845	4.5	0	0:00:20.632758
37500	750	208	9.6	0	0:00:19.782716
38000	760	799	7.61	0	0:00:20.068337
38500	770	770	2.68	1	0:00:19.901722
39000	780	484	4.17	0	0:00:19.858546
39500	790	791	2.62	0	0:00:20.304611
40000	800	800	9.6	1	0:00:19.795141
40500	810	878	9.6	0	0:00:19.817203
41000	820	820	9.6	1	0:00:19.776793
41500	830	830	9.6	1	0:00:19.782195
42000	840	840	9.6	1	0:00:19.983742
42500	850	850	9.34	1	0:00:19.858140
43000	860	892	3.28	0	0:00:19.876883
43500	870	870	9.6	1	0:00:19.796472
44000	880	880	2.1	1	0:00:19.823231
44500	890	890	9.6	1	0:00:19.865007
45000	900	900	9.6	1	0:00:19.971562
45500	910	641	1.95	0	0:00:19.810983
46000	920	607	3.53	0	0:00:19.778906
46500	930	930	2.38	1	0:00:19.846255
47000	940	943	9.6	0	0:00:19.954246
47500	950	950	9.6	1	0:00:19.763963
48000	960	960	6.33	1	0:00:19.875533
48500	970	795	9.6	0	0:00:19.815857
49000	980	980	9.6	1	0:00:19.802411
49500	990	990	9.6	1	0:00:20.168895
