idx	label	predict	radius	correct	time
0	0	394	8.0	0	0:00:25.399019
500	10	10	32.0	1	0:00:19.855656
1000	20	20	32.0	1	0:00:19.558606
1500	30	30	32.0	1	0:00:19.803889
2000	40	46	3.72	0	0:00:19.560554
2500	50	50	32.0	1	0:00:20.047687
3000	60	-1	0.0	0	0:00:19.825816
3500	70	70	32.0	1	0:00:20.333243
4000	80	80	32.0	1	0:00:20.500591
4500	90	90	32.0	1	0:00:20.280264
5000	100	100	32.0	1	0:00:20.223279
5500	110	110	32.0	1	0:00:20.155231
6000	120	-1	0.0	0	0:00:20.146693
6500	130	130	32.0	1	0:00:20.160702
7000	140	140	32.0	1	0:00:20.154379
7500	150	36	14.3	0	0:00:20.109540
8000	160	160	32.0	1	0:00:20.174058
8500	170	172	14.7	0	0:00:20.377459
9000	180	243	28.0	0	0:00:20.406984
9500	190	190	32.0	1	0:00:20.633986
10000	200	200	32.0	1	0:00:20.216223
10500	210	210	32.0	1	0:00:20.116802
11000	220	220	32.0	1	0:00:20.035170
11500	230	230	10.0	1	0:00:20.005892
12000	240	238	31.1	0	0:00:19.980720
12500	250	169	0.784	0	0:00:20.134141
13000	260	260	32.0	1	0:00:19.929737
13500	270	270	32.0	1	0:00:20.000126
14000	280	280	32.0	1	0:00:19.923782
14500	290	290	32.0	1	0:00:20.027377
15000	300	300	32.0	1	0:00:20.089568
15500	310	310	32.0	1	0:00:19.929882
16000	320	320	32.0	1	0:00:19.965253
16500	330	330	13.8	1	0:00:20.535842
17000	340	340	32.0	1	0:00:20.785589
17500	350	350	32.0	1	0:00:20.204677
18000	360	360	32.0	1	0:00:20.128705
18500	370	370	32.0	1	0:00:20.079262
19000	380	380	32.0	1	0:00:20.064182
19500	390	390	32.0	1	0:00:20.036350
20000	400	400	8.24	1	0:00:20.034300
20500	410	410	6.85	1	0:00:20.223103
21000	420	-1	0.0	0	0:00:19.995091
21500	430	430	32.0	1	0:00:20.030227
22000	440	737	24.2	0	0:00:20.170048
22500	450	802	4.52	0	0:00:20.281756
23000	460	978	21.0	0	0:00:20.239286
23500	470	919	0.118	0	0:00:20.290362
24000	480	582	11.1	0	0:00:20.064868
24500	490	490	32.0	1	0:00:20.203021
25000	500	500	32.0	1	0:00:20.039978
25500	510	510	32.0	1	0:00:19.951682
26000	520	520	32.0	1	0:00:20.005352
26500	530	531	2.09	0	0:00:19.945569
27000	540	540	32.0	1	0:00:19.997054
27500	550	505	2.97	0	0:00:20.029426
28000	560	560	32.0	1	0:00:20.140155
28500	570	-1	0.0	0	0:00:20.100618
29000	580	738	32.0	0	0:00:20.186037
29500	590	590	4.41	1	0:00:20.168299
30000	600	600	6.51	1	0:00:20.127613
30500	610	610	4.94	1	0:00:20.169257
31000	620	681	21.2	0	0:00:20.228625
31500	630	703	26.4	0	0:00:20.073349
32000	640	640	32.0	1	0:00:20.005974
32500	650	819	10.1	0	0:00:20.235537
33000	660	660	11.0	1	0:00:20.088269
33500	670	670	32.0	1	0:00:20.063673
34000	680	680	32.0	1	0:00:20.037316
34500	690	690	32.0	1	0:00:20.038373
35000	700	700	32.0	1	0:00:20.166437
35500	710	804	15.0	0	0:00:19.966538
36000	720	948	0.567	0	0:00:19.835859
36500	730	856	1.13	0	0:00:20.548209
37000	740	-1	0.0	0	0:00:20.236183
37500	750	208	18.7	0	0:00:20.135996
38000	760	-1	0.0	0	0:00:20.066627
38500	770	770	19.8	1	0:00:20.022476
39000	780	914	12.2	0	0:00:20.072032
39500	790	790	12.1	1	0:00:20.313022
40000	800	800	32.0	1	0:00:20.416697
40500	810	810	31.1	1	0:00:20.125964
41000	820	820	32.0	1	0:00:20.471158
41500	830	830	30.6	1	0:00:20.854205
42000	840	840	29.4	1	0:00:19.899632
42500	850	850	31.1	1	0:00:19.969756
43000	860	409	8.99	0	0:00:20.007525
43500	870	870	30.6	1	0:00:20.079928
44000	880	880	4.59	1	0:00:20.164451
44500	890	890	12.9	1	0:00:20.671276
45000	900	900	32.0	1	0:00:20.272832
45500	910	641	32.0	0	0:00:20.444680
46000	920	607	7.59	0	0:00:20.079167
46500	930	930	32.0	1	0:00:20.291198
47000	940	943	14.9	0	0:00:20.037316
47500	950	950	12.9	1	0:00:20.134970
48000	960	960	26.6	1	0:00:19.969845
48500	970	795	31.1	0	0:00:20.747354
49000	980	980	32.0	1	0:00:20.043364
49500	990	990	32.0	1	0:00:20.036701
