idx	label	predict	radius	correct	time
0	0	-1	0.0	0	0:01:37.856789
500	10	10	7.07	1	0:01:29.627083
1000	20	20	7.07	1	0:01:30.289130
1500	30	30	7.07	1	0:01:31.217404
2000	40	989	6.1	0	0:01:30.054904
2500	50	39	5.48	0	0:01:32.289345
3000	60	61	6.7	0	0:01:31.571048
3500	70	70	7.07	1	0:01:32.423432
4000	80	80	7.07	1	0:01:29.196718
4500	90	90	7.07	1	0:01:30.168013
5000	100	100	7.07	1	0:01:30.954301
5500	110	110	6.5	1	0:01:29.976364
6000	120	77	6.61	0	0:01:29.912373
6500	130	130	7.07	1	0:01:31.007977
7000	140	140	7.07	1	0:01:33.425897
7500	150	360	6.85	0	0:01:31.241208
8000	160	160	7.07	1	0:01:28.630995
8500	170	246	4.42	0	0:01:29.527177
9000	180	-1	0.0	0	0:01:28.257970
9500	190	190	7.07	1	0:01:27.904065
10000	200	200	5.34	1	0:01:31.487422
10500	210	210	7.07	1	0:01:28.925904
11000	220	220	5.44	1	0:01:30.935573
11500	230	230	7.07	1	0:01:30.142601
12000	240	238	5.18	0	0:01:33.336033
12500	250	-1	0.0	0	0:01:31.957693
13000	260	260	7.07	1	0:01:30.728807
13500	270	269	4.85	0	0:01:32.610924
14000	280	280	7.07	1	0:01:32.078640
14500	290	290	7.07	1	0:01:31.684697
15000	300	25	3.5	0	0:01:32.466925
15500	310	-1	0.0	0	0:01:30.063889
16000	320	320	7.07	1	0:01:30.691914
16500	330	330	7.07	1	0:01:28.522848
17000	340	340	7.07	1	0:01:28.292058
17500	350	350	7.07	1	0:01:29.345043
18000	360	360	7.06	1	0:01:27.521385
18500	370	370	6.92	1	0:01:26.008904
19000	380	380	7.07	1	0:01:30.696656
19500	390	390	7.07	1	0:01:31.081742
20000	400	400	7.07	1	0:01:28.920372
20500	410	-1	0.0	0	0:01:28.890747
21000	420	683	4.96	0	0:01:32.169991
21500	430	430	5.47	1	0:01:30.608310
22000	440	486	3.42	0	0:01:31.224246
22500	450	575	5.54	0	0:01:33.081401
23000	460	978	3.32	0	0:01:31.447260
23500	470	-1	0.0	0	0:01:27.847481
24000	480	-1	0.0	0	0:01:31.397780
24500	490	335	1.22	0	0:01:30.465732
25000	500	500	6.4	1	0:01:31.499112
25500	510	510	6.26	1	0:01:30.936613
26000	520	520	7.07	1	0:01:32.125701
26500	530	530	7.04	1	0:01:29.482278
27000	540	540	7.04	1	0:01:30.794454
27500	550	505	7.07	0	0:01:31.904979
28000	560	560	4.0	1	0:01:31.786319
28500	570	754	3.35	0	0:01:28.209643
29000	580	738	5.22	0	0:01:30.969758
29500	590	782	6.72	0	0:01:35.222796
30000	600	517	5.3	0	0:01:33.874588
30500	610	610	7.07	1	0:01:30.341526
31000	620	-1	0.0	0	0:01:30.292066
31500	630	703	6.73	0	0:01:33.697338
32000	640	640	7.07	1	0:01:31.111681
32500	650	546	6.13	0	0:01:32.875117
33000	660	660	7.07	1	0:01:32.240930
33500	670	670	7.07	1	0:01:32.500396
34000	680	691	2.73	0	0:01:30.744000
34500	690	690	5.82	1	0:01:32.031466
35000	700	999	2.71	0	0:01:34.238415
35500	710	710	3.38	1	0:01:37.383395
36000	720	951	3.03	0	0:01:35.740736
36500	730	-1	0.0	0	0:01:35.496516
37000	740	-1	0.0	0	0:01:33.795715
37500	750	259	6.02	0	0:01:34.961934
38000	760	799	7.07	0	0:01:36.740041
38500	770	-1	0.0	0	0:01:39.419416
39000	780	780	4.45	1	0:01:39.828709
39500	790	830	3.93	0	0:01:39.901380
40000	800	886	6.79	0	0:01:39.672809
40500	810	810	7.06	1	0:01:38.875564
41000	820	565	5.45	0	0:01:38.248531
41500	830	830	4.64	1	0:01:38.185279
42000	840	-1	0.0	0	0:01:39.323961
42500	850	584	6.02	0	0:01:39.375317
43000	860	925	3.66	0	0:01:39.235966
43500	870	-1	0.0	0	0:01:39.872362
44000	880	870	4.06	0	0:01:40.558816
44500	890	890	7.04	1	0:01:39.316996
45000	900	900	7.07	1	0:01:39.928970
45500	910	641	7.07	0	0:01:39.225607
46000	920	920	2.94	1	0:01:39.897819
46500	930	964	4.3	0	0:01:38.161697
47000	940	997	0.959	0	0:01:39.629245
47500	950	942	6.64	0	0:01:41.027940
48000	960	903	3.75	0	0:01:38.408151
48500	970	795	7.06	0	0:01:40.064498
49000	980	980	7.07	1	0:01:38.625334
49500	990	956	2.26	0	0:01:38.955111
